2,-0.40337887,-0.046099793,0.57796246,0.9503735,0.55581,1.0358605,1.0540987,0.63404447,1.195928,1.07909,0.13625497,0.32387558,1.3146544,1.7711179,1.686342,0.8203889,1.3945023,1.9697872,1.9483144,-1.6001929,-1.6001992,-1.6687428,-1.6687428,-1.5230877,-1.5230877,-0.40337887,0.12206306,0.2612007,-0.35863593,-0.40337887,-0.40337887,0.027157012,0.5911932,0.93684345,-0.67586493,-0.67897356,-0.6829782,-0.6829782,-0.6829782,-1.0146445,-0.78833675,-0.8841982,-0.7730399,-1.220228,-0.2955808,-0.116317846,0.3167004,0.04992175,0.10167842,0.9358632
2,-0.09388947,-0.09388947,-0.09388947,0.18749179,2.871025,2.7635746,2.5003157,2.4250834,2.3625093,0.4152351,-0.09388947,-0.09388947,-0.09388947,-0.09388947,0.3336985,0.36074623,0.57389814,0.5738785,-0.09388947,-0.09388947,-0.09388947,0.4672752,-0.09388947,-0.09388947,-0.09388947,-0.09388947,-0.09388947,-0.09388947,-0.09388947,-0.09388947,-0.09388947,-0.09388947,-0.09388947,-0.09388947,-0.8429653,-0.8139547,-0.7406281,-0.10399032,-0.5600061,-0.5566224,-0.5553779,-0.5974994,-0.40048975,-0.44801265,-0.8746932,-0.09388947,-0.09388947,-0.09388947,-1.6272429,-2.9215908
2,-0.79440093,-0.4913323,-0.010331655,0.34897202,0.34897202,-0.58664954,-0.034778997,-0.016505135,1.2068223,2.3205702,2.9502838,3.1887116,3.1005573,2.6468332,-0.216886,-0.24534816,-0.6329113,-0.29303584,-0.2893811,-0.39214894,-0.39214894,-0.39945847,-0.35999018,-0.33432788,-0.33970308,-0.32388133,-0.31599155,-0.31599155,-0.2125262,-0.31599155,-0.31599155,-0.32473812,-0.32574257,-0.15657791,-0.29512963,-0.11275714,-0.17767574,-0.21386334,-0.09445865,-0.2262138,-0.45446482,-0.4519518,-0.45236042,-0.45815077,-0.3774372,-0.34082732,-0.49641,-0.7474172,-0.93427396,-0.9795346
2,-0.6410089,-0.6410089,-0.6410089,-0.6410089,0.11082656,-0.6410089,-0.012786209,-0.051554333,-0.051663253,-0.551772,-0.8344421,-1.9868666,-1.8129159,-1.8346597,0.17562775,0.55090106,0.79641557,1.5994328,2.7078362,2.0371861,0.83820677,0.6425028,-0.23214217,0.32802644,0.5476905,-0.3936318,0.5231579,1.9654673,1.8439784,-0.6410089,-0.63953984,-0.6410089,1.4220467,-0.0049382974,0.7958612,0.6289162,0.627996,0.64973575,0.7584549,0.6279918,0.34532195,0.34532195,0.34532195,0.34532195,-0.5896639,-1.1115165,-1.1115165,-1.1115165,-1.1115165,-1.1115165
2,-0.11222294,0.11588238,0.2045575,0.41851598,0.5560374,0.64176935,0.5816242,0.56775033,0.565474,0.5597234,0.49673358,1.1348127,-0.029113563,-1.1747426,-0.8899547,2.9499004,4.3741484,2.660555,-0.5619685,-0.5619685,-0.5619685,-0.5619685,1.2671876,-0.5619685,0.16132668,-0.5619685,-0.5619685,-0.5619685,-0.5619685,-0.22247665,-0.2194743,-0.5619685,-0.5619685,-0.5619685,-0.5619685,-0.5619685,-0.5619685,-0.5619685,-0.5619685,-0.5619685,-0.5619685,-0.5619685,-0.7044259,-0.5619685,-0.3017577,-0.5619685,0.064022794,-0.0016873544,-0.0027689973,-0.0027718872
1,-0.7987307,-1.2216667,-1.1746739,-1.1746739,-1.1746739,-1.1746739,-1.0712897,-1.0242968,-0.5543678,-0.5543678,-0.4039905,0.40428737,0.42308456,0.42308456,0.42308456,-0.09383734,-0.6953464,-0.59196216,-0.38005874,-0.4285971,-0.08787153,0.48107922,0.92332494,1.2692175,1.5862647,1.4757346,1.6298331,1.573092,1.7309581,1.9957153,2.0603487,1.5528222,1.4494379,-1.1163745,-1.2197589,-1.1445702,-0.9472002,-0.9941931,-0.9941931,-0.5994528,-0.44907546,-0.10962354,0.32262647,0.3814118,-0.614453,-0.27300578,-0.8555246,-0.59243095,0.026101923,0.48624408
2,2.963017,2.0861669,1.3508601,3.3966277,3.3034034,1.7031994,-0.72656876,0.8462589,-0.15198052,-0.21207346,-0.21207346,-0.21207346,-0.89523107,-0.8099781,-0.6321564,-0.58781344,-0.56445235,-0.56445235,-0.56445235,-0.11219182,-0.4511555,-0.24053511,-0.24053511,-0.24053511,-0.24053511,-0.24053511,-0.24053511,-0.24053511,-0.24053511,-0.24053511,-0.24053511,-1.9196112,-0.24053511,-0.24053511,-0.24053511,-0.24053511,-0.24053563,0.18084054,0.19817863,0.21396811,-0.24053511,-0.24053511,-0.24053511,-0.24053511,-0.24053511,-0.24053511,-0.24053511,-0.24053511,-0.24053511,-0.24053511
1,-0.017657854,-0.017657854,-3.2767656,-3.2767656,-1.5763618,-1.3147609,-0.6716594,-0.6716594,-0.31195873,-0.19205846,-0.21385849,-0.14845833,-0.18115838,-0.22475845,-0.24655847,-0.4209588,-1.0858604,-1.0858604,-0.92236,-0.7261597,-0.70435965,-1.0313604,-1.2384607,-0.5517591,0.15674263,0.24394281,0.30934298,0.33114302,0.29844296,0.17854266,0.10224249,0.10224249,0.17854266,0.32024297,0.49464342,0.734444,0.734444,0.734444,0.734444,0.734444,0.83254427,0.8434443,0.8434443,1.0201542,1.1800314,1.333795,1.2516849,1.2509958,1.2509938,1.2509938
1,-1.0126358,-0.9210992,-1.1960504,-1.1960504,-0.9516494,-0.7225235,-0.7377986,-0.9738545,-0.3318527,-0.063505344,-0.70814055,-0.85289437,-0.87755555,0.22001365,1.332211,1.7125261,1.8139586,-0.2787328,-1.3174373,-1.5618382,-1.0101435,-0.27707785,0.63485503,0.59650785,0.966479,0.29424572,0.29992914,-1.0311345,-0.764538,0.08581621,0.110383995,-1.2958866,-1.2500657,-1.1736904,-0.8681891,-0.21136154,-0.24191163,-0.07186402,0.34308884,0.643575,1.5830522,1.959151,2.6406856,1.8300041,-0.32378447,-0.12520862,-0.5070852,0.029354814,0.6443159,0.71958196
1,0.77266634,0.63144374,0.39933395,0.27172545,0.29693824,0.1729458,0.33515173,-0.6011451,-0.66311896,-0.4088272,-0.39341557,-0.5860611,-0.5937669,-0.2428637,0.054530546,0.10701727,0.5517456,0.35816494,-0.2761855,-0.21597728,-0.068939365,0.06564675,-0.87142634,-0.65483785,0.08139881,0.6997789,0.48394084,-0.89540136,-0.56671673,-0.57720673,-0.49642578,-0.5595599,-0.5595893,-0.59041256,-0.7676465,-0.58270675,-1.869579,-2.339634,-2.3473399,-0.8601164,2.7350066,1.7421045,1.7363623,2.1840687,2.3046017,0.6016024,-0.76232797,0.24713469,0.617014,0.7213993
1,0.57544005,0.57544005,0.5639519,0.5639519,0.5639519,0.55246377,0.55246377,0.36865303,0.21930681,0.46055833,0.644369,0.48353478,0.23079512,-0.010456448,-0.010456448,-0.056409124,-0.6537939,-0.90653354,-0.68825835,-0.35510144,-0.26319608,-0.11384989,-0.1942671,-0.22873159,0.4490703,1.2302657,0.024008214,-0.34361315,-1.3201076,-1.147785,-0.90653354,-1.8026108,-1.7911226,-1.1133208,-0.7571876,-1.0099273,-2.6527355,-1.4120134,-0.5963535,0.8856202,0.94306105,0.98901373,1.5978866,1.6553273,1.7931852,1.8046733,1.781697,1.2762178,-0.05640967,-1.2052264
2,-0.65541553,-0.65541553,-0.65541553,-0.65541553,-0.65541553,-0.65541553,-0.65541553,-0.65541553,-0.65541553,-0.65541553,-0.12296187,-0.1361474,-0.14526536,-0.14672549,-0.14688979,-0.1469058,-0.14849825,-0.15705574,-0.15826179,-0.15844172,-0.16682057,-0.16907631,-0.17530575,-0.17935903,-0.18008135,-0.18299645,-0.1835406,-0.18364152,-0.18366002,-0.18366107,-0.65541553,-0.6439648,-0.64407176,-0.16209902,-0.08358885,0.07920854,0.545706,2.6286776,2.6286776,2.6286776,2.6286776,2.6286776,2.6286776,0.5223105,0.07262362,-0.65541553,-0.65541553,-0.65541553,-0.65541553,-0.59701514
1,-0.39274004,-0.047072247,0.51943886,-0.59437954,0.08735406,1.1826175,1.445232,1.4692552,1.790214,2.116091,1.9087344,1.2372938,1.0821605,1.2089205,1.1894231,1.6937609,1.7400051,0.6165765,-0.9293266,-0.81410414,-0.8045023,-0.8525116,-0.9101228,-0.77569646,-0.59777427,-0.1885537,0.3899586,-0.24019913,-0.21893787,-0.12294035,-0.1805517,-0.4494044,-0.41099685,-0.34378374,-0.5934327,-0.8238779,-0.8238779,-1.9665018,-1.7264546,-1.7072507,-1.0543227,-0.7566643,-0.45900598,-0.09582216,0.41178054,0.2851443,0.18882716,-0.9260278,-0.69201267,-0.33561936
1,-1.1827364,-0.8856329,-1.1562243,-1.1085181,-1.6524258,-1.0167177,-0.80162686,-0.5554522,-0.1802332,-0.3023317,-0.27415705,-0.27415705,-0.18963304,-1.3823605,-1.3823605,-1.1851377,-1.1475716,-0.95974046,-0.59906435,0.58045816,1.3863597,1.1600469,1.8814241,0.7675533,0.8829978,0.19568472,-0.9970475,-1.4196676,2.3181715,1.8955517,1.1724019,0.9939626,0.9939626,0.9188302,0.8436979,0.8436979,0.9470048,0.8436979,0.4680358,0.43986115,0.4304696,0.3647287,0.19568074,-0.22693923,-0.1518068,0.80613184,0.48681888,-0.53686064,-1.1942695,-1.1942695
1,0.03944149,-0.018338382,-0.060532328,-0.59087366,-0.34936485,0.15674879,0.29006678,0.25734544,0.3764837,0.3689387,0.36893237,0.36893237,0.36893237,0.36893237,0.36893237,0.36069643,-3.4195936,-3.114864,-2.2747998,-1.3853197,-0.84998465,-0.84174883,0.055966955,0.055966955,0.055966955,-0.17463894,-0.29817787,-0.36406526,-0.36406526,-0.15816711,-0.2734701,0.14656208,0.16303392,0.22068541,0.34422427,1.4231305,1.9584656,2.1808357,0.8713236,0.830144,0.29480883,-0.23229036,-0.833513,-0.833513,-0.833513,-0.2981779,0.088910535,0.7148408,1.0205368,1.3796732
2,-0.5034284,-1.0044477,-1.1098856,-0.58706045,-0.5098419,-0.5098419,-0.38208175,0.35433108,0.27859795,-0.5005494,-0.5034284,-0.5034284,-0.46133077,-0.5034284,-0.5034284,-0.5034284,-0.5034284,-0.5034284,-0.5034284,-0.5034284,-0.5034284,-0.5034284,-0.5034284,-0.5034284,-0.5034284,1.7819971,1.7003838,-0.5034284,-0.5034284,2.9542665,1.7053488,2.8746104,2.8893332,1.7127899,1.1246738,-0.5034284,-0.5034284,-0.5034284,-0.42679912,-0.45549843,-0.18455814,0.45048952,0.31535256,0.018516477,-0.44224966,0.94615847,-0.3775006,-0.5034284,-0.5034284,-0.5034284
1,-2.0480416,-1.4716436,-0.8345722,-0.68288857,-0.5615417,0.04519337,0.65192825,0.5912548,0.2878872,-0.28851113,-0.37952146,-0.37952146,-0.37952146,-0.19750093,-0.04581729,0.1665398,0.1665398,0.1665398,0.22721326,0.22721326,0.22721326,0.22721326,0.22721326,0.22721326,0.22721326,0.22721326,0.22721326,0.22721326,0.22721326,0.22721326,0.22721326,0.22721326,0.22721326,0.22721326,0.22721326,0.22721326,-3.473871,-3.5648813,-3.1401672,-1.8963605,0.62159044,0.62159044,0.62159044,0.62159044,0.62159044,0.62159044,0.62159044,0.62159044,0.62159044,0.62159044
2,-0.21073946,-0.21073946,-0.21073946,-0.21073946,-0.21073946,-0.21073946,-0.21073946,-0.21073946,-0.21073946,-0.21073946,0.20087373,0.20087373,0.27051073,0.8941241,0.70858485,0.20087373,0.20087373,0.835563,1.9969506,2.793437,-1.545718,-1.3750578,-1.1848387,-1.1467944,-1.1467944,-1.1467944,-1.1467944,-1.1658165,-1.1658165,-1.1658165,-1.1658165,-1.1658165,-1.1467944,-1.1467944,-1.1277723,-1.0326618,0.20087373,0.20087373,0.20087373,-1.0355448,0.59181243,1.3321319,0.20087373,0.20087373,0.6974991,1.3489052,1.8045359,1.3600341,1.6453176,-0.23787373
2,0.22644918,-0.1518666,-0.38493806,-0.08638828,-0.1709726,0.17372051,-0.07588293,0.6600991,0.94412833,0.3542932,-0.8719465,-0.4813707,-0.5123961,-0.5123961,-0.0024199155,-0.036651835,-0.7099858,-0.7059332,-0.8719465,-0.8719465,-0.8719465,-0.76360595,-0.80397254,-0.80433613,-0.8043373,-0.8043373,-0.8043373,-0.43840012,-0.19177666,-0.12033116,-0.23927875,0.0033646177,0.1403085,-0.085042834,0.029268596,0.07963278,0.15297589,0.41480944,3.64253,2.7241611,1.9826765,2.476448,2.8077168,-0.39860532,-0.3334845,-0.3189366,-0.1994908,0.038542204,-0.31392354,-0.2633726
1,1.3692951,1.5747334,0.309863,0.5870267,0.5367898,0.32798603,0.26443806,0.68434185,0.5462023,0.9066488,0.24217045,0.667358,-0.66076076,-0.8188695,-0.4518694,0.033581305,-0.50274074,0.080883764,0.20407785,0.76087105,1.1516432,1.6698096,1.94399,2.234714,0.90656924,-0.48478773,-2.1449294,-2.6824992,-2.35047,-1.9710089,-1.2120872,-0.94156295,-0.6965866,-0.7334232,-0.73350215,-0.73350215,-0.73350215,-0.73350215,-0.19593242,-0.19593242,-0.19593242,-0.19593242,-0.19593242,-0.19593242,-0.19593242,-0.19593242,-0.19593242,-0.19593242,-0.19593242,-0.19593242
2,0.32184666,0.34211126,0.34502897,0.34502897,0.34502897,0.34502897,-0.29897937,-0.79140323,-0.79140323,-0.79140323,-0.7327035,0.36302403,0.38911277,-0.093529105,-0.7327035,-1.7110317,-1.7110317,-0.2972662,-0.2972662,-0.2972662,-0.2972662,-0.34006685,-0.1758007,0.22464308,0.5739561,0.9373799,0.13126747,-1.7019391,-1.7019401,-1.7019401,-0.7706628,0.8265847,-0.91225433,-1.0465516,0.70434105,0.8124044,0.7648984,-0.29135,-0.08277676,-0.18441772,0.062776774,0.02320576,-0.18550235,0.09943352,0.39450395,1.4080836,2.563222,2.349549,2.2864163,2.2784
2,-0.6246405,0.403287,-0.6246405,-0.50725144,0.8366403,1.7070496,0.768678,-1.0086385,-1.0060399,-0.23704018,-0.10501447,0.14934492,0.9978371,0.8333848,-0.3748536,-0.3748602,-1.0222218,-0.46920553,0.18635088,-0.15418057,-0.09486257,0.58009285,0.8972655,-0.5480714,-0.60605574,-0.46617553,0.3867688,1.7562357,2.4581757,1.380235,1.3800473,-0.42476335,-1.6793268,-1.7013367,-2.273594,-2.2295742,-0.6246405,-0.6246405,-0.29135498,-0.2683817,0.3881611,-0.3444072,0.437364,0.6454345,1.1602405,1.1301396,1.1300833,1.1300833,1.1300833,1.1300833
1,-2.2366583,-1.0169264,0.3476571,0.65429723,0.8272713,1.5050696,0.15521452,0.49204478,0.102487,-0.5557307,-0.9021964,-0.90220195,-0.7568056,-0.8295039,-0.8476785,-0.70228213,-0.7568058,-0.49946138,0.08101226,0.9134423,1.1565344,1.8393308,1.6174296,1.6893348,1.7618556,1.18027,1.0712227,0.5986845,0.30789173,-1.473214,-1.4005159,-1.236945,-1.236945,-1.236945,-1.0678546,-0.42131457,-0.16008896,0.29199135,1.3576778,0.77597356,-0.20545258,-0.45989624,-0.89608544,-0.65981627,-0.6234672,-0.2613071,0.19505852,0.71806294,1.3342979,1.3705075
2,-0.35944286,0.9109098,1.337922,1.5064342,1.5414399,1.532634,1.5326065,1.5326065,1.5326065,1.5648788,1.5196974,1.2937926,1.2937926,2.4168644,-0.79265016,-1.2974162,-1.3534155,-0.26507705,0.5283814,0.84712327,1.0928574,1.0560439,-0.29304084,-0.43503875,-0.4802198,-0.822305,-1.086937,-1.086937,-0.795751,-0.79225254,-0.79768515,-0.78096616,-0.5797764,-0.57166857,-0.5875858,-0.5733535,-0.5260848,-0.5409909,-0.45952386,-0.432344,-0.4068077,-0.4495403,-0.439983,-0.26376674,-0.626099,-0.4936803,-0.62103254,-0.670027,-0.66802657,-0.9862555
2,-0.029578218,-0.26229522,-0.22684363,-0.36955997,-0.38238797,-0.18334602,0.4785762,0.49075395,0.4644043,0.46347222,0.46153122,4.087823,4.712993,2.5895734,-0.32468504,-0.32468504,-0.32468504,-0.32468504,-0.32468504,-0.16828015,0.02496747,-0.0156737,-0.20836699,-0.26748505,-0.26768672,-0.26771283,-0.26771477,-0.09877236,-0.048963297,-0.058027245,0.0535798,-0.32468504,-0.32468504,0.067510776,0.038834766,0.038834766,0.22992,0.035391968,-0.6739226,-0.55724806,-0.40288696,-0.32468504,-0.32468504,-0.32468504,-0.32468504,-0.32468504,-0.4726741,-0.6242267,-0.5456388,-0.049906306
1,-0.20167795,-0.17977339,0.017367689,-0.03374296,-0.31120092,-0.28199485,-0.26739183,-0.3988191,-0.7711968,-0.7711968,-0.7711968,-0.83691055,-0.91722745,-0.924529,-1.004846,-0.9099257,-0.80770415,-0.23088378,-0.7346888,0.25831825,0.4563162,0.8185162,1.5464619,1.4713074,1.8276408,2.0374389,1.9467224,1.575991,1.5758324,1.6342442,1.3859926,1.2034546,0.7580618,0.327272,0.48060396,0.40758875,-0.15462853,-0.15462853,-1.6441393,-1.7401146,-1.6333972,-1.1655788,-1.0976557,-0.9808548,-0.995458,-0.38943166,-0.23609981,-0.23609981,-0.2726074,-0.48036286
2,-1.8920335,-1.8920335,-1.8184127,-1.6417228,-1.6711712,-1.1263767,-0.7729966,-0.7877208,-0.6110308,-0.64047915,-0.6846516,-0.6846516,-0.6846516,0.35808536,0.6874606,1.8248259,0.019435907,0.019435907,0.019435907,0.019435907,0.2451618,0.25340435,0.25320786,0.24600692,0.2424423,0.24158172,0.24142954,0.2409488,0.69959784,0.5906699,0.5902521,-0.028163819,0.019435907,0.019435907,-0.110809155,-0.22543228,0.019435907,0.019435907,0.019435907,0.8324611,0.09721453,0.06918286,0.019435907,0.48258463,0.86160994,0.69106925,1.2291402,2.1167543,2.0534716,-3.4410162
2,0.56069046,0.54878986,0.5467853,0.5594079,0.59110886,0.6546813,0.53675926,0.089961715,-4.355606,-3.9015658,-1.9556522,-0.70870185,-0.48318195,-0.1304042,1.1443703,0.6385422,0.22485879,-0.24206696,-0.21318494,0.15908018,-0.22637436,0.042912845,-0.17883155,-0.15204021,-0.025394471,-0.025394673,0.8953757,0.1595215,0.15908018,0.45975915,0.42135963,0.15908018,0.15908018,0.15908018,0.15908018,0.15908018,2.1321354,0.84167165,-0.28109097,-0.3137345,0.15908018,0.15908018,0.15908018,0.15908018,0.15908018,0.15908018,-0.19128084,-0.25207615,-0.33147395,-0.45748487
2,-0.7751736,-0.7657358,-0.7521655,-0.7278417,-0.7211336,-0.7159998,-0.709145,-0.70018345,-0.6895093,-0.5384663,-0.08898195,0.26771584,-0.49269238,-0.5423297,-0.47508058,0.7603673,0.7746171,1.2150075,1.7073116,-0.5361602,-0.53111213,-0.53030014,-0.5341518,-0.53542346,-0.5230562,-0.5734746,-0.4786198,-0.46594453,-0.3121723,-0.2359245,-0.15615422,-0.06316889,0.2720245,0.7339721,1.0665234,0.34716567,-0.48362717,1.4728369,4.7317758,1.1764147,0.9598974,0.79504216,0.87285674,1.7108496,-0.7751736,-0.7751736,-0.7751736,-0.7751736,0.3062152,0.63973874
2,-0.017372586,-0.08126685,-0.0652933,-0.20905536,-0.35312486,-0.3594404,-0.43132144,-0.43132144,-0.43132144,-0.43132144,-0.29847714,-0.6069957,-0.6069957,-0.6069957,-0.6069957,-0.6069957,0.09499834,0.5268592,0.86245334,0.5659235,-0.082001805,0.9121769,1.3988562,0.36089748,-0.2688351,0.08005121,0.04663604,-0.13127115,0.90700674,0.1402755,-0.8820325,-1.1056623,-1.017808,-0.92995334,-0.8820327,-0.8740459,-0.84209883,-0.6663897,0.7712311,0.9709004,3.143305,3.3589482,3.3589482,-0.48134166,-0.48134166,-0.48134166,-0.48134166,-0.53641385,-0.42910868,0.03475049
1,0.078683205,-0.49667466,-0.5474416,-0.12605412,0.5211797,1.1010175,1.8488083,2.4427934,1.7432494,2.2021086,0.31371647,-0.047174755,0.08726746,0.07034092,0.17187461,-0.7419292,-1.8588003,-2.248013,-2.094674,-1.5447506,-0.8658187,-0.06462782,0.7249978,0.558561,1.0485878,0.862442,-1.3543779,-1.4389893,-0.81286496,-0.20366271,0.05017168,0.08401623,0.08401623,0.08401623,0.08401623,-1.0328549,-0.5266371,0.012815571,-0.33167517,-0.6877699,-0.7724246,-0.33244517,-0.027843865,1.0721049,0.9536489,-0.1293776,-0.010921679,0.039845143,-1.0431815,-1.246249
1,1.6165104,1.9664966,2.4698083,2.1882741,-2.618093,-2.4112182,-2.2578168,-0.99992317,-0.80050105,-0.7621507,-0.64709955,-0.67010975,-0.67010975,-0.67010975,-0.2482552,-0.113798946,0.03087631,0.4714156,0.8184463,0.019020682,0.17343098,0.16288365,0.14550832,0.7122053,1.111212,0.95777196,-0.031668864,0.0066815554,-1.3739337,-1.2818928,-0.9213988,-0.94440913,-0.38449296,-0.24224111,0.019838199,0.42372534,0.4391547,0.555311,0.2942114,-0.4253392,-0.2696462,-0.023299329,0.22012812,0.300024,0.2821456,0.38947675,0.32811582,0.32811582,0.32811582,0.32811582
1,1.6052006,1.7060305,1.7060144,1.6965396,1.0238261,1.0238261,0.5500842,0.78100586,0.73086137,0.36217168,-0.5190296,-0.5190296,-0.4148065,-0.42428133,-1.0780452,-1.2012185,-1.2770174,-1.2201682,-1.2485926,-0.83169967,-0.8874241,-0.87018543,-1.1564426,-0.9218991,-1.0159627,-0.85003805,-0.80032265,-0.9008836,-0.96721447,-0.92931473,-0.8061417,-0.25660095,-0.50294673,-0.50294673,-0.25660095,0.07501829,-0.36082426,-0.35134944,-0.35134944,2.5763755,2.671124,0.96565306,0.01816921,0.01816921,0.09396785,0.25504005,0.68140775,0.7666813,0.32136387,0.34031352
2,-0.69874656,-0.69802785,-0.70718527,-0.72660935,-0.7417712,-0.46696115,1.5910203,1.5883086,1.5879471,1.5879476,1.5879476,1.5743543,1.4126886,1.2563299,1.4876655,2.0017085,2.446996,-0.91570276,-0.920635,-1.4133708,-1.4133708,-1.4133708,-1.4133708,-1.4133708,-0.5951438,-0.21202339,-0.2238055,-0.232797,-0.23219156,-0.22833852,-0.22199821,-0.23291716,0.12526044,0.5461085,-0.75153315,-0.6007777,-0.694276,-0.8261084,-0.5289526,-0.12507819,-0.12507819,-0.12507819,-0.12507819,-0.12507819,-0.12507819,-0.12507819,-0.12507819,0.29731616,0.7951289,0.7631524
2,0.10597259,-1.7792873,-2.049333,-0.2126865,-0.2126865,-0.2126865,-0.12743261,-0.1556809,-0.16013135,-0.10271021,0.38593042,1.3493077,2.319587,2.328824,1.248835,-0.0063466257,-0.062317196,0.21770062,-0.2126865,-0.92005795,-0.6801212,-0.071253575,-0.063665405,-0.280422,0.2227358,1.0445056,1.5188416,1.4597001,-0.2954465,-0.29544666,-0.29544666,-0.29544666,-1.6786526,-2.3181994,-0.4759806,-0.22961113,-0.098520465,-0.476016,0.07341948,0.7290846,1.7306436,2.6722207,-0.6635403,-0.65282404,-0.6890732,0.086425684,0.40808034,-0.061541844,0.54675764,0.3573384
1,-1.2828463,-0.33442256,0.34147358,0.5441607,-0.0010742636,0.40136245,-0.07826079,0.37061438,0.36939508,0.419983,-0.4738067,-0.4738067,-0.4738067,-0.52439857,-0.52439857,-0.5749904,-0.6087183,-0.77735776,-1.4181881,-1.4181881,-1.1820929,-0.6087183,-0.5749904,-0.03534378,1.4992765,1.4992765,1.3812288,1.3643649,1.3643649,1.2969091,0.95963,0.9090382,0.9090382,0.9090382,0.7403987,0.58862305,0.8078545,0.68980676,-1.3001403,-1.5530994,0.47057557,0.82471865,0.8247188,-2.3288417,-2.3119776,-0.8110853,-0.8110853,-1.1146365,-1.3507317,-1.1315005
2,-0.8745299,-0.8745299,-1.6542406,-1.6542406,-1.2662506,-1.2662506,-0.8969139,-0.3559663,0.3284331,0.33589453,0.33589453,0.33589453,0.33589453,0.33589453,0.33589453,0.33589453,0.33589453,0.9626477,0.86565,0.6716552,0.66046315,-0.63765216,-0.42272368,0.9889152,1.612854,1.7744961,1.7853365,2.040766,2.2919896,2.3002431,0.85630083,0.3228078,-1.0985788,-1.0985788,-1.0687335,0.013162014,0.013162014,-1.0266451,-0.9881261,-1.096402,-0.9604162,-0.75965506,-0.69926524,-0.39596713,0.32405078,0.036788926,0.036788926,-0.0042484826,-0.0042484826,-0.49356702
2,-0.34085184,-0.31590903,-0.32530132,-0.016316082,-0.081313886,-0.054496378,0.06947015,0.07420967,-0.14207727,-0.12754557,-0.13879882,-0.4754944,-0.46407628,1.3274672,1.3282907,1.3294069,1.3297795,1.3297795,1.3297795,-0.36849535,-0.43004432,-0.4110606,-0.4122833,-0.41516125,-0.41567466,-0.41576913,-0.4157835,1.3633095,1.5532701,1.5448314,1.5438939,1.5437536,1.5437518,1.5437518,1.5437518,1.5437518,-1.142713,-1.6397964,-1.5450742,-1.3953869,-0.9321224,-0.7932976,-0.6989826,-1.1560613,-1.1097,-1.0721014,-1.0060002,-0.56413656,-0.12515089,-1.0006775
2,0.19680007,0.15618798,0.15472767,0.15472497,-0.043300677,-0.21756327,-0.21756327,-0.21756327,-0.21756327,-0.21756327,-0.20964223,-0.20964223,-0.20964223,-0.21756327,-0.44727302,-0.44727302,-0.8354032,-0.8354032,-0.8354032,-0.8354032,-0.8433242,-0.8433242,-0.8433242,-0.7878771,-0.7878771,-0.9462975,-0.9462975,-0.9462975,-0.9383765,-0.9383765,-0.8591663,-0.8433243,-0.8274822,0.31314552,0.85177535,1.4537734,2.6736114,2.6736114,2.6736114,1.1863887,1.0977782,-0.10604883,0.18563664,0.13415167,-0.19188787,-0.8493352,0.8695274,1.5111306,2.3111544,-0.5813293
2,0.19033927,0.15439922,0.15418848,0.15418808,-0.5615555,-0.62403214,-0.6958164,-0.70670277,-0.7346563,-0.5014011,-0.6500306,-0.6500306,-0.4200237,-0.20080264,0.0047782618,0.01979532,0.015813887,0.015806543,0.015806543,0.015806543,-0.5087257,0.23244135,-0.033799414,-0.12467479,-0.026913902,-0.026913902,1.211358,1.3978287,1.4747708,1.6968663,1.8935444,2.0116055,1.9890438,1.9889717,1.9889717,0.052287437,0.037389882,-2.3114603,-2.3114603,-2.04827,-0.28034475,-0.5901761,0.5193167,0.93536055,-0.10115372,-0.5662762,-0.57474375,-0.57580036,-0.57598794,-0.5766279
2,0.5043886,-0.043291435,0.45222604,0.49296144,0.28040966,0.46899417,0.3581483,-0.075407945,-0.09568687,0.5565893,1.5538428,2.2117703,2.1792417,2.2251244,-1.7773367,-1.7773367,-2.5685205,-2.4909537,-0.3540597,-0.34763733,-0.30558252,-0.31751633,-0.31723675,-0.3171654,-0.31715825,-0.31715703,-0.31698278,-0.31350398,-0.29305288,-0.47780502,-0.3382504,1.6350448,1.7381613,0.17252076,0.09009472,1.7744657,0.41745576,-0.51445717,-0.6216388,-0.75426304,0.4129539,0.49473646,0.48280406,0.45489624,0.45129743,0.4507621,0.0336307,-0.21770924,-0.13597812,-0.08115583
2,-4.6350074,0.09513296,0.09513296,0.7819232,0.75379896,0.09513296,0.09513296,0.09513296,0.09513259,0.080190994,-0.33061057,-0.4396411,-0.77510417,0.6825328,0.6986601,0.72202814,0.734369,1.2115251,1.9033424,1.0893468,1.0669615,0.9378851,0.9312906,0.931263,0.6793547,1.014432,0.09513296,0.09513296,0.09513296,0.09513296,0.09513296,-0.51039517,-0.7100186,-0.7644044,-0.85431665,-0.9517261,-0.2977437,0.09513296,0.09513296,0.09513296,0.37049896,0.19707799,0.49324018,0.44428092,0.4441889,-0.69725215,-1.0229942,-1.5612544,-1.710932,-1.9135185
2,-0.77704185,-0.49983892,-0.3874216,1.8739843,1.8986994,1.9039538,1.9047889,1.9048197,1.9048197,1.904789,2.2308118,1.3419302,-0.6078773,-0.72736496,-0.7283412,-0.7292802,-0.77704185,-0.77704185,-0.77704185,-0.77704185,0.17136714,-0.77704185,-0.77704185,0.8069262,1.2900424,0.7368082,-0.4999214,0.22951685,0.07534822,-0.7666541,-0.4330556,-0.7272691,-0.6836048,-0.19474615,-0.030762602,-0.4436231,0.17627382,0.81117874,-0.8192698,-0.07019792,0.18000154,-0.31685308,-1.5765634,-0.58381563,-0.5695552,-0.5539379,-0.5539379,-0.64890313,-0.5973506,-0.58124906
2,-0.62342054,-0.6234204,-0.6234204,-0.6234204,-0.6234204,-1.1464583,-1.1636128,-0.89782774,-0.19685638,-0.18077537,-0.6234204,-0.66990817,1.5541031,1.5540932,-0.6234204,-0.28675395,-0.6234204,-0.6234204,-0.28678042,-0.6234204,-1.8835473,-1.8850323,0.89318293,1.2342942,1.5990088,-0.6234204,-0.6234204,2.0490055,3.0923166,-0.6234204,-0.6234204,-0.6234204,-0.6234204,-0.6234204,1.056754,1.8975973,0.6775143,1.2002801,1.1354326,0.9519989,-0.6234204,1.1760498,1.0334804,0.9373949,0.87862074,0.76739377,0.6748029,0.6350674,0.6042634,0.5864859
2,0.8011323,1.1122334,0.57807297,0.2146881,0.4370679,0.77832127,0.7588802,-0.02667776,-0.026679983,-1.194058,-1.194058,-1.5132629,-0.2938867,-0.33695582,-0.17592153,0.07678695,-0.41002992,-0.40736884,-0.2721704,-0.13017663,0.15974814,0.15974814,0.48866737,1.2796712,1.0400639,0.2146881,0.2146881,-1.6201073,-1.8135399,-1.568913,-1.5848615,-1.6326263,-1.6326263,1.5974202,0.2146881,0.2146881,0.2146881,1.1046916,2.4483547,1.6873261,0.2146881,0.2146881,1.3448676,1.140698,-0.25233376,-1.0175388,-1.1083877,-1.2155468,-1.0324492,0.838494
2,-0.2204669,0.2740532,0.2740532,0.2740532,0.2740532,0.41086507,1.149382,1.101408,1.0993408,1.0993352,1.0993352,1.0993352,1.0993352,1.0993352,1.0993352,1.0993352,1.0993352,1.0993352,1.0993352,1.0993352,1.0993352,1.0993352,0.3362059,-0.19125107,-0.04535868,0.3075971,0.3188196,0.5088374,0.5089515,0.5089515,0.5089515,0.3153221,-1.8404444,-0.05380353,-1.251452,-1.2352916,-0.8690107,-0.54959065,-0.63238823,-0.63293165,-0.6329321,-0.6329321,-0.6329321,-0.6329321,-1.7439586,-2.4734204,-2.2489703,-1.2726129,-1.2613904,-1.2389455
2,-1.3928704,0.1526697,0.9242794,0.81470263,0.8142426,0.8142418,0.8142418,0.8142418,0.8142418,-0.9731369,-0.57619494,-0.3713907,-0.71963435,-0.9628623,1.0362381,1.2695032,1.8518142,1.75584,1.7555315,-0.3713907,-0.3713907,-0.3713907,-0.3713907,3.1988242,5.267929,-0.3713907,-0.3713907,-0.3713907,-0.3713907,-0.3713907,-0.3713907,-0.3713907,-0.3713907,-0.3713907,-0.3713907,-0.3713907,-0.3713907,-0.3713907,-0.3713907,-0.3713907,-0.3713907,-0.3713907,-0.3713907,-0.3713907,-0.3713907,-0.3713907,-0.3713907,-0.3713907,-0.3713907,-0.3713907
2,-1.2227447,-1.6281652,-0.46309233,-0.46309233,-2.1726062,-1.4218786,-1.5130985,-0.7215848,-0.46309233,-0.46309233,-0.46309233,-0.46309233,0.31987482,0.99814504,2.0283544,2.5568547,1.057047,1.057047,1.057047,1.057047,1.057047,1.057047,-0.46309233,-0.46309233,2.9353511,0.8686338,0.5559693,-0.46309233,-0.46309233,0.10553917,0.19818981,0.051034663,-0.15148073,-0.35601318,0.59887546,0.8219987,-0.35708216,-0.46309233,1.4561642,0.7040719,-0.46309233,-0.3635577,-0.62197775,-0.46309233,-0.82395905,-0.31819347,-0.450147,-0.5480716,-0.012126912,-0.4596797
2,-0.912622,-0.73506665,-0.71731097,-0.71731097,-0.71731097,-0.71731097,-0.71731097,-0.71731097,-0.43322283,-0.08699106,-0.08699106,-0.08699106,0.04617491,0.33026248,0.33026248,0.43679526,0.43679526,0.33026248,0.32138476,0.32138476,0.33026248,0.33026248,0.33026248,0.32138476,0.13495241,0.13495241,-1.8181502,-1.7915167,-2.3064256,-1.8003942,-1.0013978,-0.59302163,-0.5219996,-0.3355668,-0.3355668,-0.32668903,-0.32668903,-0.61803776,-0.5887279,-0.6884064,-0.665286,0.08180364,1.202419,2.0976932,1.9222699,1.716234,2.5123618,1.9720783,1.1738148,1.1738148
1,-0.69118065,-0.69118065,-0.69118065,-0.69118065,-0.69118065,-0.69118065,-0.69118065,-0.69118065,-0.69118065,-0.69118065,-0.69118065,-0.69118065,-0.69118065,-0.69118065,-0.69118065,-0.69118065,-0.69118065,-0.69118065,-0.69118065,-0.69118065,-4.3668485,-1.0915009,-1.0915009,0.43699533,0.7645302,0.7645302,-0.94592935,-0.94592935,-0.94592935,-0.94592935,-0.94592935,-0.94592935,-0.94592935,-0.94592935,0.3300827,1.264762,1.0186855,1.0178967,1.0178934,1.0178934,1.0178934,1.0178934,1.0178934,1.0178934,1.0178934,1.0178934,1.0178934,1.0178934,1.0178934,1.0178934
2,-1.0760483,-1.0760483,-1.0760483,-0.6031633,-0.6121899,-0.6121899,-0.6121899,0.41053724,0.821798,0.86214054,0.86214054,0.86214054,0.86214054,0.86214054,0.86214054,0.86214054,0.86214054,0.86214054,0.86214054,0.86214054,0.86214054,0.86214054,0.86214054,0.86214054,0.86214054,0.86214054,0.7873979,0.8722039,1.8841017,1.8580972,0.44080192,-0.1644583,-0.9369779,-1.0760483,-0.2039232,0.56132305,-0.79299974,-1.0760483,-1.0760483,-1.0760483,-1.0760483,-1.0760483,-1.0760483,0.4943608,2.8573747,1.7962046,-1.0639735,-1.0760483,-1.0760483,-1.0760483
2,-0.15376675,-0.15376675,-0.15376675,1.6600012,2.8706222,1.9301355,3.4302754,2.365232,-0.46384957,-1.04311,-1.9940348,-1.5031351,-0.15376675,-0.28617534,0.21675281,-0.231556,-2.1127815,-0.15376675,-0.15376675,-0.15376675,1.4304166,-0.15376675,-0.15376675,-0.15376675,-0.15376675,-0.15376675,-0.15376675,-0.15376675,-0.95978206,-0.78525376,1.1095953,-0.14960892,-0.044629868,-0.09473287,-0.15376675,-0.14701267,0.3187191,0.3187191,0.3187191,0.27778566,-0.15376675,-0.6348984,0.031738054,-0.057824384,-0.58512914,0.038190253,-0.07877443,0.5178053,-0.13613749,0.016967768
2,-2.0674038,-2.0918946,0.9037108,2.0913568,2.1294854,1.5150119,2.6091328,1.9810315,0.77094203,-1.0239455,-0.058249973,0.14626054,0.44157127,0.8858331,0.5367647,0.50063044,0.9814335,1.0026134,0.5718286,0.2905475,-0.5352204,-0.47839823,-0.4484934,-0.35059616,-0.15630059,-0.057411537,-0.12621662,0.12113661,0.6333834,0.5878003,0.7626878,0.3224975,-0.32054478,-0.18451543,0.22141232,0.6292268,-1.0241319,-0.6969383,-0.7649954,-1.140832,-0.9327025,-1.0068456,-1.1538595,-1.0323385,-0.7557689,-0.5502923,-1.1729567,-0.59784013,-0.049565192,-0.049565192
1,3.628339,3.1150699,1.8354542,1.2961235,1.3701491,-1.6860591,-2.130214,-1.093853,-0.67084825,-0.13151737,0.040895954,-0.6377855,-0.11121849,-0.35861194,0.4154791,0.5740787,0.5740786,0.5106279,-0.21905494,-0.32480597,-0.63148427,-0.47285768,-0.17675452,0.13192317,0.33148697,0.29908654,0.3705616,0.4657346,0.39170876,0.32825813,0.32825813,0.34940833,0.2542323,-0.30624872,-0.22164787,-0.2850985,-0.4543002,-0.32739893,-0.32739893,-0.32739893,-0.32739893,-0.32739893,-0.32739893,-0.729253,-1.1099571,-0.38027424,-1.3637601,-1.1628325,-1.08303,-0.74584746
2,-1.4863167,-0.984248,-0.70540196,-0.8824597,-1.1096382,-1.5378481,-2.255645,-2.4780648,-2.243458,-1.872752,-0.48334786,-0.40983322,-0.38640547,-0.38993743,-0.46158472,-0.55995524,-0.06445516,-0.08251069,-0.11731775,-0.114720605,-0.11338848,-0.11295718,-0.11295718,-0.11222399,-0.11222399,-0.11222399,-0.11222399,-0.11222399,-0.11222399,-0.14589898,-0.59577864,0.5133018,1.3087445,0.29440826,0.29440826,0.29440826,0.73965174,0.29440826,0.29440826,0.29439285,0.29439256,0.29439256,1.7592645,2.5792115,1.3474661,1.9099249,1.7425233,0.29440826,0.29440826,0.2944082
2,1.2550048,1.2323365,1.5070641,1.6744763,1.3953966,-0.7858382,-0.7911068,-1.1124866,-1.1124866,-1.1124866,-1.1124866,-1.1124866,-1.1124866,-1.1124866,-1.1124866,-1.0229218,-0.18893398,-0.08424099,-0.60846907,-0.8401054,-0.749419,-0.30652964,-0.84148824,-0.3663891,-0.84148824,0.1303959,1.4036855,2.3890052,2.3890052,1.8219463,1.1863822,1.4331936,-0.107348174,-0.110174246,-0.076202005,-0.17294815,0.36248806,0.8993637,0.95828825,0.047684643,0.030162,0.05673234,0.14547382,0.27035666,0.106712915,0.092161365,-0.33338252,-0.84148824,-0.84148824,-0.84148824
2,-0.2641288,-0.2641288,0.05313173,0.05313173,0.05313173,0.2694457,0.13965729,-0.6823359,-0.6823359,-0.6823359,-0.6823359,-0.6823359,-0.7400197,-1.3889618,-1.3889618,-0.682336,-0.33623356,-0.33623356,-0.42275918,-0.42275918,-0.3939173,-0.3939173,-0.5092848,-0.7832825,-0.7832825,-0.7832825,-0.7832825,-0.7832825,-0.7832825,-0.13434044,0.9616503,0.88954574,-0.091077626,-0.033393905,0.15407822,0.15407822,-0.35065445,0.14333494,0.18795125,0.12192693,0.16380872,0.4587372,0.74256307,0.89622015,1.8281289,2.553542,3.414058,3.535247,0.7995985,0.32367545
1,-0.61720985,-0.23125462,0.41990787,0.8218376,0.13791876,0.6123051,0.6314326,0.9354472,-0.72459036,-0.3139919,-0.471007,-0.26001507,0.52417976,0.79563546,-1.6081553,-1.767518,-1.1118445,-0.1750113,0.62555915,0.41243824,0.00948868,0.28514192,-0.040221382,-0.04236033,-0.015806649,-0.015806649,0.52265835,0.49616018,1.1530122,1.597973,2.6402583,1.1658977,-0.042605102,2.3079987,2.3079987,0.3823629,-1.0120631,-1.0120631,-0.892541,-0.65349656,-1.1050249,-1.1050249,-1.051904,-0.61207974,-0.2777646,-0.6671136,-1.2983161,-1.2736706,-1.5385591,-1.1071643
2,-0.6038924,-0.59554964,-0.60572916,-0.7353672,-0.73535776,-0.7351588,-0.75490534,0.2669251,0.49154517,-0.036736872,-0.75490534,-0.75490534,-0.79973847,-0.75490534,-0.47846672,-0.51207566,-0.49264517,-0.49274263,-0.4927429,-0.38564333,-0.40807414,-0.22156382,-0.57674956,-0.61022455,-0.5852754,0.45564118,0.5426423,1.0008053,1.4424329,1.901896,-0.4920384,-0.48566118,-0.5438774,-0.60266393,-0.6338105,-0.22465461,0.49363685,0.52966475,0.07547496,1.3551414,2.03908,-0.03484684,-0.479223,-0.4812835,-0.75490534,2.5944753,2.4789848,2.4387913,2.4333515,-0.75490534
2,-0.0594428,-0.079130195,-0.112653084,-0.112716034,-0.1127162,-0.07358016,-0.08301857,-0.06657943,-0.3408555,-0.29160914,0.1676921,0.0810979,0.12669559,0.8350848,0.5159846,-0.09884706,-0.14406753,-0.14997561,-0.14998665,-0.14998665,-0.14998665,0.26825786,0.29362652,0.40162346,0.5222721,0.08505529,-0.02121147,0.12853345,-0.1881329,-0.6779193,-0.6339805,-0.46442226,-0.6564318,-0.15879697,-0.5870967,-0.16894935,0.19175626,1.2275698,1.4023914,1.8555776,1.26575,1.1191154,2.0607948,2.5964954,2.7943087,-0.99594647,-2.0894914,-2.077524,-2.0618482,-1.9759107
2,0.04366374,0.52314776,5.016494,2.367759,1.5141279,1.8386482,0.6474419,0.04366374,0.04366374,0.04366374,0.04366374,0.04366374,0.04366374,0.04366374,-0.8220236,-1.0470166,0.031184409,0.04366374,-0.4778818,-2.2238467,-0.81444067,0.04366374,0.04366374,0.04366374,0.04366374,0.04366374,0.04366374,0.04366374,0.04366374,0.04366374,0.04366374,0.068493925,0.043056194,-0.99243253,-0.4414228,0.04366374,0.092152044,0.12527654,-0.056341525,-1.1229223,-0.65905,0.043564662,-0.70088667,-0.95850533,-0.10260175,0.04366374,0.04366374,-0.4769389,-0.8657149,-0.31327096
2,-0.98597246,0.3172665,0.3168354,0.40067,0.42899865,0.42899865,0.42899865,0.42899865,-0.26987526,-0.2932889,-0.28314683,-0.34188464,-0.31132078,-0.167855,-0.16533352,0.04215986,0.072435014,0.05554412,0.05548989,0.055489767,-0.24836592,-1.7011758,-1.7296623,-1.7296623,-1.6536978,-1.2928689,-0.97002226,-0.97002226,-0.97002226,-0.97002226,-0.8655721,-0.76112175,-0.56171644,-0.7421307,-0.8275901,-0.8275901,-0.8275901,-0.8275901,0.34597266,0.44837797,0.7186036,1.1051017,1.3835458,1.853027,1.8215941,1.5448852,2.1153626,2.1605601,0.26321498,1.8230342
2,0.036599655,0.01544273,0.019729968,0.024949713,0.06179025,0.059407905,0.0589316,0.059102677,0.06350252,0.07196844,0.01867899,0.07528008,-0.0034854335,-0.039678447,-0.07735832,0.17084765,1.3560435,3.4585845,3.799813,1.9502959,0.5320314,0.9856329,-1.5032865,-1.4247904,-1.3824143,-1.0593729,-0.8816838,-0.9319531,-1.0300395,-1.1847261,-0.82475597,-0.569306,-0.559473,-0.60925514,-0.9928393,-1.1236793,-0.6715169,-0.02173913,0.18456914,0.20851958,-0.012026312,0.3920011,0.38450524,0.29364738,0.48062602,0.46304858,0.18065521,0.20102069,0.20102069,0.20102069
2,-0.45679685,-0.45679685,-0.4613205,-0.4613205,-0.4613205,-0.4613205,-0.18162696,-0.4613205,-0.4613205,-0.4613205,-0.4613205,0.81782967,3.644365,3.147099,2.3619049,-0.4090094,-0.4613205,-0.4613205,-0.4613205,-0.35910603,1.3571467,-0.4613205,-0.8488833,0.077383615,-1.0824512,0.34367293,0.99140644,1.3420376,1.1871176,-1.9275575,1.2277294,1.0065734,0.41051608,0.143396,0.143396,0.143396,-0.4613205,-0.027416749,-0.027416749,-0.4613205,-0.12339763,-0.12339763,-0.4613205,-0.5394525,-0.9985245,-0.53931093,-0.10490704,0.81714517,-0.4613205,-0.4613205
2,0.49366394,0.19108123,0.92318726,0.6718631,-0.25031343,-0.25031343,-0.18956062,0.085065775,0.43051827,0.09179045,0.3084309,0.045168605,0.18441454,0.4033121,0.6559819,0.2718436,-0.08864266,-0.25031343,-0.25031343,-0.7190825,-1.2873248,-1.1845869,-1.1534865,-1.1422385,-1.2221888,-1.2819484,-1.2432097,-1.093909,-0.91372836,-0.7134305,-0.5385461,-0.5651299,-0.65144575,-0.72323054,-0.72323054,-0.7842476,-0.7842476,-0.25031343,-0.25031343,-0.25031343,0.82659554,1.2820036,1.0645053,2.328571,2.2968311,2.0692194,2.2924252,2.5341244,-0.2304604,-0.22930604
