1,0.75758284,0.74580294,0.7779294,0.7715041,0.7704332,0.7939927,0.78970927,0.66334534,0.63550234,0.36671203,0.17181207,0.07543293,0.6205103,0.6205103,0.32601845,0.46737444,0.472729,0.52520204,0.5648245,0.53162754,0.3452945,-0.00059926463,-0.27046093,-0.6227801,-0.994375,-1.3338435,-1.3938128,-1.4666325,-1.5051842,-1.5105387,-1.4934045,-1.3102843,-1.3456234,-1.4773414,2.3489082,2.3521209,-1.615485,-1.454853,-1.412018,-1.0854,-0.31543794,-0.07663199,0.067936726,0.9696168,1.1473827,0.7029683,0.060441066,0.27675888,0.63121974,0.63121974
1,-0.7593481,-0.76686543,-0.77867836,-0.77867836,-0.7196141,-0.59504217,-0.64873695,-0.751831,-0.751831,-0.70994914,-0.68847114,-0.6992101,-0.63155466,-0.6337025,-0.6337025,-0.639072,-0.64121985,-0.6734367,-0.6616238,-0.65195864,-0.65195864,-0.65195864,-0.62618536,-0.62188965,-0.6637716,-0.6487369,-0.6337022,-0.93654084,-1.2694486,-1.4036857,-1.3961684,1.9619045,1.9715699,1.5452331,1.455026,1.2456161,1.1801082,1.0866791,1.0856051,1.0286885,1.0286885,1.0544622,1.3530049,1.3111228,1.0383528,1.048018,1.0190228,1.0458703,1.0888264,1.1317825
1,0.7038938,0.7038938,0.7092165,1.0605056,1.0605056,1.0658283,1.0658283,1.110183,1.1048603,1.1048603,1.1048603,1.1048603,1.1048603,1.1048603,1.1048603,1.0161508,-0.35706592,-0.52738714,-0.7189992,-0.5912587,0.5211535,0.6063144,1.0196987,1.0196987,1.0196987,0.14325358,0.606315,1.1261499,1.119053,0.02083461,-0.9709329,-1.8154436,-1.8314115,-1.9360881,-1.8509275,-0.6888384,-0.86980504,-0.99222374,-0.8467409,-0.8431924,-0.7988377,-0.6852902,-0.5610973,-0.5610973,-0.5610973,-0.7615797,-0.93012667,-1.064964,-1.0667384,-1.0312551
1,0.6281944,0.6281944,0.6281944,0.6315577,0.5284139,0.56765366,0.56429,1.193243,1.3457165,1.3031136,0.8154226,0.7773042,0.7773042,0.7773042,0.82214934,0.82214934,0.87372154,0.62370974,0.5990445,0.51159626,0.36809212,0.31652012,0.28961316,0.34454843,0.47235706,0.47235706,1.2066966,1.2762064,1.6674794,1.6237552,-0.6185023,-0.63307697,-0.8864521,-1.078165,-1.2474555,-1.2261541,-1.2553034,-1.2396076,-1.2306385,-1.1431905,-1.2911795,-1.2934219,-1.2698781,-1.2340019,-1.2340019,-1.2384865,-1.2564247,-1.2575458,-1.2575458,-1.2575458
2,1.4224465,1.4477302,1.4477302,1.4699311,-0.9568331,-0.96201396,1.5120972,1.5120972,1.5120972,1.5157975,-0.94027525,1.5288916,1.5288916,1.5288916,1.5288916,1.5288916,-0.8566719,-0.94712806,-1.0361539,-1.1033468,-1.1820736,-1.2848102,-1.5435437,-1.6347302,-1.8096391,0.6347978,0.6347978,0.057587434,-0.4363715,-0.17860022,-0.20881747,-0.21251749,-0.21375088,-0.22053434,-0.24335144,-0.24951825,-0.25075164,-0.24890156,-0.23965131,-0.25198492,-0.26616865,-0.27356896,-0.27356896,-0.3638662,-0.3638662,-0.3638662,-0.3638662,-0.38189685,-0.37586185,-0.36978227
2,0.09379125,0.45330122,0.6158817,0.72218454,0.78772914,-0.8988383,-0.88081986,-0.88936424,0.9793813,-1.0068662,-0.98836803,-0.9715385,0.9288061,-0.20861311,-0.22730844,-0.2436431,1.649285,0.266071,0.23139675,0.19941135,2.0795755,2.0795755,2.0795755,2.0795755,1.6216222,-0.25324,-0.24236459,-0.242577,-0.25244543,-0.2799252,-0.29675052,-0.95798266,-0.9654682,-0.97550184,-0.98241,-0.98583925,-0.9877957,-0.9826409,-0.9691722,-0.95974255,0.93055665,0.93055665,0.93055665,0.93055665,0.93055665,-0.9994768,-0.99346423,-0.9885047,-0.98297775,-0.97762436
2,-1.8581074,-1.8631309,-1.8755771,-1.8881855,-1.898413,-1.8988249,0.3722222,0.3722222,0.3722222,0.4376008,0.50125885,0.7587589,0.7495829,0.7495829,-1.4870098,-1.4544097,-1.4318997,0.8391474,0.8391474,0.8391474,0.8322652,0.8288241,-1.3235568,-1.074342,-1.0871398,0.9784576,0.9784576,0.9784576,0.9784576,-0.9544331,-0.83660835,-0.7142929,-0.6356088,0.60548145,0.60548145,0.60548145,0.60548145,0.6003198,0.59859926,0.5836881,0.5349407,0.53264666,0.53264666,0.5349407,0.57967347,0.6186713,0.6186713,0.6186713,0.6186713,0.6186713
1,-0.44140768,-0.49227068,-0.49227068,-0.5056556,-0.4293613,-0.42668426,-0.33566633,-0.33566633,-0.2513411,-0.21252492,-0.011750488,-0.013089023,-0.023796855,0.18902394,0.19571662,0.22248642,0.3737364,0.40719888,0.42326087,0.3978287,0.1930391,0.15556124,-0.14559974,0.11139115,0.14619239,0.107375994,0.0002965536,0.12611504,0.38176784,0.38712198,0.38712198,0.24122614,-0.35708088,-0.35708088,-1.0838828,-1.3944132,-1.9846891,-2.4196997,-2.2912042,1.6640465,1.6185377,-3.1906722,0.8903966,0.89173514,1.0376319,1.1982511,1.1741575,1.172819,1.7390027,1.7577418
2,1.0426825,0.8276093,0.8501237,0.7762293,0.9934414,0.74577874,0.6025181,0.58235234,0.57915014,0.5050392,0.4380527,0.19103473,0.25563556,0.24312674,0.20566058,0.1647676,-0.20034282,-0.8177525,-1.228896,-1.3218763,-0.9968141,-0.82614446,1.0503306,-0.60928077,1.0599073,-0.52402294,-0.4779265,0.91071904,0.8404135,0.57915723,0.57666713,-0.41988844,-0.62275326,-0.8367411,-0.9691723,-1.0459323,-1.0698744,-1.1824504,-2.0761466,-2.47125,1.1740888,1.174353,-1.9518669,-1.3169018,-1.2188653,1.1537181,1.1537181,1.1537181,1.1537181,1.1537181
2,-0.8414498,-0.83114654,-0.79601777,-0.7639471,-0.73584574,-0.73584574,-0.76001006,-0.7642801,-0.78729737,-0.820381,-0.85249877,-0.8470677,-0.8107152,-0.76631385,-0.7455569,1.3654261,1.3654261,1.3654261,1.3654261,1.1852332,1.1852332,0.97891796,0.97891796,0.7869968,0.7811325,-1.0688696,-1.0487549,-1.0529842,-0.989971,-0.7133637,-0.44405058,1.7224426,1.7224426,1.7224426,-0.87831014,-0.8889768,1.2161448,1.2161448,1.2161448,-0.88892937,-0.8878957,-0.8763378,-0.8595822,0.59240884,0.57342327,0.56956595,0.5821396,0.60949624,0.6543109,-1.4229497
2,0.44392496,0.6621648,1.014197,1.2469894,1.3060087,-1.0391934,-1.0582016,1.2667224,1.2293198,1.2393875,1.3184773,1.32506,1.3238524,1.3019956,1.2156816,1.1639283,1.0949018,1.0647256,1.0983598,1.1157383,1.1907623,-0.9931731,-0.76427966,-0.6091005,-0.592383,-0.61790955,-0.66963047,-0.7155739,-0.7294928,-0.77623606,-0.8559662,-0.93676513,-1.0262346,1.3281102,1.3198922,-1.0503148,-0.9990528,-0.9238701,-0.8431034,-0.7600891,-0.7090335,-0.70823616,-0.75353694,-0.8083486,-0.8691649,-0.9328688,-0.9681284,-0.92374396,-0.87019795,-0.8168058
1,0.17994335,0.17994335,0.18387477,0.18584049,0.18584049,0.18584049,0.18584049,0.1887889,0.24284461,0.21434255,0.06396957,0.06691798,0.08952322,0.23891318,0.27527794,0.40009725,0.71755064,1.0703859,1.2197756,1.5401773,1.7210176,2.0365052,2.1406848,2.1347876,2.100388,2.2143962,-1.5105219,-1.5134704,-1.4073249,-1.1419615,-0.8667696,-0.5031233,-0.50410616,-0.5552134,-0.89134055,-1.2107596,-0.7645557,-0.6613589,-0.82549113,-0.6643074,-0.6564448,-0.6554619,-0.6426852,-0.64563376,-0.6574279,-0.669222,-0.68396467,-0.693793,-0.6623424,-0.6662737
2,2.1181808,2.1181808,-0.5039139,-0.5039139,0.420661,0.420661,0.50294834,0.6111237,-0.7091522,-0.650904,-0.650904,-0.650904,-0.650904,-0.650904,-0.650904,-0.650904,-0.650904,-0.18029536,0.32082427,0.9994623,1.0188783,-1.1865141,-1.0924858,-0.95350975,-0.8914022,-0.8554815,-0.8487519,-0.8483195,-0.8483195,-0.8483195,-0.21406099,0.035574254,0.63932174,0.66243607,0.6531903,0.8991272,0.8991272,-0.8906978,-0.8928296,-1.6970928,1.964224,1.964224,1.9632994,-0.55801624,0.048504964,0.7715226,0.80758107,0.9518148,0.9518148,-1.7908397
2,1.591231,-1.7135361,1.800606,1.800606,-1.447677,-1.3494061,2.1129267,-1.3024101,-1.4078902,-1.431733,-1.4306805,-1.430393,-1.4303769,-1.4303621,-0.28087392,-0.25323266,-0.2161721,3.2174423,1.1814877,1.0896257,1.0582151,-0.23859657,0.67168343,0.47920436,0.6546778,0.22972903,0.034650706,0.0070035346,0.0042625177,0.0039387015,0.0040867836,0.0037847247,0.002324712,0.0013667244,0.0007393206,0.0004940204,0.0012775838,-0.0054166876,-0.0032819721,0.0032122605,0.018448304,0.023967521,-0.0066979825,-0.061454132,-0.16109905,-0.2527093,-0.27278134,-0.28676462,0.0033558314,0.19606422
2,0.38718662,-0.70135164,-0.6835174,-1.9253607,-1.9279326,-1.9314348,0.3856975,0.38509214,0.3840826,0.3742035,0.36001015,0.36001015,0.36001015,0.36001015,0.3965209,0.0795026,0.11856714,0.16654426,0.30393103,-1.526508,-1.2624092,-1.1817786,-1.2421669,-1.29326,1.107125,1.107125,1.107125,1.107125,1.0657463,1.0657463,1.0657463,1.0657463,1.2318703,1.3225386,-0.8495479,-0.8550751,-0.8649536,-0.87326384,1.5339628,1.5339628,1.5339628,1.5339628,-0.55701727,-0.57512677,-0.5935731,-0.5960056,-0.5882541,-0.5846838,-0.5820178,-0.58064455
1,-1.5912907,-1.5912907,-1.3836766,-1.3836766,-1.4502908,-1.4491805,-1.3092909,-1.3059602,-1.2071493,-0.9640077,-0.9595668,-1.2637713,-1.5002514,-1.6778891,2.5465565,2.157974,1.5362427,1.5362427,1.5273606,1.3796985,0.9111788,0.05296681,-0.25345847,0.006336622,0.47263536,0.5048317,0.48151675,0.23393418,0.20062703,0.25835934,0.2994382,0.2994382,0.31498158,0.32719418,0.3149818,0.29610795,0.29610795,0.29610795,0.29610795,0.29610795,0.2705725,0.26946223,0.26946223,0.26946223,0.26946223,0.26946223,0.26946223,0.26946223,0.26946223,0.26946223
2,1.1314201,1.1287023,1.1287023,1.1287023,1.1287023,1.1287023,1.1287023,1.1287023,1.1287023,1.0588517,1.0448809,1.0414647,1.0514632,1.0591722,1.0591722,1.0591722,1.0591722,1.0591722,1.0591722,0.9384552,0.8143286,0.7656153,0.74762374,-1.3589537,-0.64718294,-0.8950087,-1.1783113,-1.156665,-1.0244032,-1.0103171,-1.0077393,-1.0073339,-1.0073339,-1.0073339,-1.0073271,-0.972244,-0.84113735,-0.70513743,-0.6340362,-0.45707357,0.046753004,0.13567756,-0.39160743,-0.88402945,-1.1211077,-1.1605577,-1.1663121,-1.167409,-1.1672902,-1.1680158
2,-1.3860993,-1.3883494,-1.409387,-1.4100696,-1.3855295,-1.3634206,-1.2831267,-1.1323508,-0.9799871,-0.8514081,-0.8271286,-0.8365851,-0.8397176,-0.83920753,-0.38847065,-0.38550636,-0.38208827,-0.38840762,-0.41008693,-0.4124373,-0.41137812,-0.41237402,-0.41237402,-0.38586268,2.0112636,2.0112636,2.0112636,2.0112636,2.0112636,0.069041505,0.14285836,0.22359896,0.2877653,0.3141732,0.3101606,0.31569,0.3341009,0.39623177,0.43829435,0.44943765,0.44943765,0.44943765,0.56801033,0.61647177,0.6898961,0.6898961,0.6898961,-0.037090365,-0.047743008,2.349383
2,-1.5979477,-1.5399925,-1.5269789,-1.460733,-1.3968922,-1.4264041,-1.4496291,0.3593078,0.37533596,0.2799869,0.2791814,0.2833589,0.2840677,0.2840677,0.2840677,0.14722389,-0.0094603,-0.14189121,-0.27701703,-0.4856942,-0.5746653,-0.678216,-0.7126207,-0.72736233,-0.78313285,-0.8540001,-0.87464625,-0.9596761,1.3164092,1.3164092,1.3164092,1.3164092,1.2365161,1.2158246,1.1922592,1.0790297,1.0629362,-0.5079497,-0.50184083,-0.50249124,-0.16701426,-0.04257518,0.1969074,0.08480915,0.0054693236,2.111242,2.111242,2.111242,-0.5833566,-0.5994258
1,1.8307109,1.8052789,0.69667464,0.8423306,1.2307469,1.1579189,1.3740907,2.4329867,-0.6743414,-0.5448693,-0.5286852,-0.5286852,-0.5309973,-0.69861734,-0.69861734,-0.5494934,-0.69861734,-0.61654145,-0.61654145,-0.6096054,-0.6096054,-0.4107733,-0.25240123,-0.24084117,-0.25818112,-1.4500171,2.4260511,2.577488,-0.092872046,-0.19922408,-0.45816803,-0.521748,-0.61769617,-0.6281004,-0.63388044,-0.63503647,-0.6454406,-0.6419725,-0.68705654,-0.69399256,-0.69399256,-0.67896456,-0.5506485,-0.54140055,-0.5494925,-0.69168067,0.9509954,1.0480994,1.3070436,1.3266956
2,-0.043845274,-0.8156679,-0.83473223,-0.8566601,0.91761285,0.91761285,0.91761285,0.91761285,-1.5192597,-1.5318723,-1.5485517,-1.560479,-1.5710866,-1.5822542,-1.5923452,-1.5757425,-0.17758046,-0.17758046,-0.17758046,-0.17758046,-0.23597169,0.9367934,0.94937,0.94937,0.96509093,0.9718286,0.9866511,0.9866511,0.9866511,0.9866511,0.99428695,1.0194402,1.1038829,0.9107428,0.8177661,0.8177661,0.8177661,0.8177661,-0.81509185,-0.8406293,-0.870551,-0.90453905,0.874147,0.874147,0.874147,0.85842615,-1.035826,-1.0560443,-0.5292342,-1.1086473
2,3.0290177,1.7679225,-1.0816019,-1.0184108,-0.9794979,-0.26588246,-0.31773433,-0.3784602,-0.4109324,-0.44950387,-0.5134551,2.4042835,-0.77618766,2.1415508,-0.6820298,2.2616372,-0.5903174,-0.5571416,2.360597,-0.50732404,-0.73955333,-0.7041443,0.33153707,0.3287015,0.3247617,0.3251439,0.29642138,0.25854376,0.3242641,0.5340319,0.97862965,-1.5259969,-1.2453976,-1.0368935,-0.84712464,-0.7155297,-0.61138666,-0.57396466,-0.58854276,-0.5642404,0.08055037,0.031910293,0.010207001,-0.004932419,-0.014446126,-0.031686142,-0.045352466,-0.051479567,-0.055453267,-0.057594426
1,-1.0839341,-0.5750355,-0.32611778,-0.32611778,-0.32611778,-0.5473781,-0.5450074,-0.5378954,-0.54342693,-0.54026604,-0.525252,-0.52446175,-0.5268324,-0.52604216,-0.58451813,-0.745722,-0.85161084,-0.88796073,-0.9116672,-0.9171988,-0.9171988,-0.9171988,-0.9171988,-0.90297484,-1.2688445,1.6336154,1.6043773,1.6059577,1.6399373,1.642308,1.6399373,1.7150079,1.7173786,1.7173786,1.7173786,-1.2317044,-1.219851,1.4344814,1.0535978,0.78650475,0.7003713,0.6750846,0.6229303,-0.523672,-0.53078383,-0.10090684,-0.1001166,-0.095375165,-0.24393557,-0.32848865
2,1.3326386,-0.14880109,-0.1525094,-0.15529963,-0.15814206,1.8414786,-0.104365766,-0.08329477,-0.07767764,1.9240302,1.9240302,1.9235246,1.9220089,1.9164504,1.6516644,1.6516644,1.4131547,1.3868781,-1.0482978,-1.0532928,-1.0540739,-1.0556217,-1.0581403,-1.0587416,-1.0588089,-1.0588193,-1.0593109,-1.0603018,-1.0667099,-1.0719234,-1.0732883,0.38506132,0.30459982,0.20458664,0.05307124,-0.09270572,-0.16133665,-0.23350994,-0.30462027,-0.34655172,-0.38558692,-0.3978896,-0.3985522,-0.39767486,-0.39755985,-0.3975416,-0.3972011,-0.39695776,-0.3978115,-0.5148449
2,1.3404107,1.3404107,-0.93915373,-0.9630788,1.4658738,1.4658738,-0.95903045,-0.9410803,-0.91980726,-0.87221175,-0.8024144,-0.7088978,-0.62580186,-0.48718578,-0.34320608,0.030436445,-0.87002176,-0.873152,-0.8667084,-0.08652545,-0.17867523,-0.11889989,-0.14162834,-0.79703104,-0.11111808,-0.06747527,-0.018238785,-0.0008488986,-0.05481058,-0.16631275,-0.20259514,-0.20339654,-0.17618786,-0.16491088,2.2793205,2.2793205,-0.25163856,2.1715443,2.1715443,-0.37211618,2.1201158,2.1201158,-0.34035894,-0.48601124,-0.5269727,-0.582549,-0.6365365,-0.6977672,-0.72384167,-0.65421015
2,0.485608,0.485608,0.485608,0.485608,-1.2085794,-1.1673665,-1.1415477,-1.1338212,-1.1654387,-1.4104283,-1.5537314,-1.5743595,0.9511288,0.9511288,0.9511288,0.9511288,0.9511288,0.9511288,0.9511288,0.9511288,-0.5196402,0.41636232,0.3779177,0.33265975,0.3313216,0.3313216,0.5459943,0.60609055,0.5922939,0.5922939,0.5922939,0.5922939,0.5922939,0.5922939,0.5922939,1.0138464,1.0253259,1.4781281,1.4781281,1.4411385,-0.8227984,-0.810318,-0.9637451,-1.2506057,-1.3581725,-1.3910664,-1.397046,-1.3981235,-1.3986735,-1.4614913
1,1.4530092,2.1880631,2.1573079,2.1573079,2.1573079,2.1573079,2.089646,2.015833,0.7425593,0.545725,0.22894414,-0.463052,-0.45997638,-0.45997638,-0.45997638,-0.39231402,-0.37693688,-0.3461816,-0.3338796,-0.73985016,-0.75830346,-0.7675303,-0.8013618,-0.80751306,-0.7829085,-0.6660381,-0.6568112,-0.616829,-0.55224276,-0.49688295,-0.49995857,-0.6906416,-0.7029436,-0.56762093,-0.5983762,-0.6475848,-0.1678011,0.35504094,0.35504094,-0.09706259,-0.26621774,-0.26621774,-0.2631421,-0.2631421,-0.38616377,-1.8285916,-0.83211654,0.13360314,0.13052751,1.1270015
2,-0.51733834,-0.52123064,-0.5305415,-0.54786783,1.2573644,1.2573644,1.2573644,-0.54792327,-0.5410286,-0.5322129,1.2756417,1.2756417,1.2756417,1.2756417,1.2756417,1.2756417,1.2756417,1.2756417,1.2756417,1.2756417,1.2756417,1.2756417,1.2756417,1.2756417,1.2756417,1.2756417,-0.8432865,-0.84538114,-0.8457337,-0.84580135,-0.8458133,-0.84581566,-0.8458158,-0.84581923,-0.8458232,-0.84582996,-0.8458358,-0.8485089,-0.8486149,-0.84863806,-0.8486394,-0.8486409,-0.84862125,-0.84861964,-0.84861803,-0.8486125,-0.84861195,-0.8486595,-0.84800094,-0.84800094
2,-1.1711286,-1.1082772,-1.0511887,1.1208615,1.1208615,0.78695554,0.7571907,0.7577319,-0.8366854,-0.8351126,-0.84673196,-1.1746022,0.8426566,0.84328103,0.90931827,0.9098594,0.9601888,1.0153888,1.01593,-1.2358583,0.9072016,0.90666044,0.77528125,0.7888022,0.7970563,0.8308314,0.85343546,0.8597859,0.716406,-1.2699847,-1.2785994,0.85074985,0.85074985,0.8189541,0.854488,-1.2780411,-1.2756928,-1.2753288,-1.2751925,-1.2660797,-1.2228421,-1.2228254,-1.2228098,-1.2228556,-1.2173933,-1.2099504,0.614568,0.6368362,0.64545965,0.6480724
1,0.12618431,0.08178037,0.039596677,0.018874843,0.016654642,-0.44958636,-0.4851095,-0.4473662,-0.4843695,-0.44958648,-0.4658679,-0.3948216,-0.40592256,-0.34005687,-0.2808515,-0.2838118,-0.2838118,-0.21942617,-0.501391,-0.58575845,-0.46808806,-0.47252846,-0.43182492,-0.4236842,-0.4688282,-0.82035905,-0.8011174,-0.81665874,1.8808784,1.9245423,1.9260225,1.9104812,1.7565475,1.8927191,1.8927191,1.9223213,-0.87364477,-0.87512493,-0.87512493,-0.87512493,-0.87512493,-0.87882525,-0.87882525,-0.77521616,-0.59093994,1.6174142,1.5730104,1.6906809,-0.87512463,-0.879565
2,0.71212643,0.744485,0.8627708,1.1606983,1.4995595,-1.11432,-0.99791926,-0.9930325,-1.0390562,-1.1007391,-1.1114403,1.3428645,1.4148524,1.4936835,-1.1329889,-0.8238313,-0.55049443,-0.55049443,-0.55049443,-0.55049443,-0.55049443,-0.55049443,0.7343186,0.9090158,1.3069804,-0.63503265,-0.6842901,-0.68738604,-0.6706695,1.3838624,1.3535194,-0.71872437,-0.74909353,1.2081703,1.1747057,1.1129402,1.0257354,-0.826692,0.8545188,0.73846006,0.6218011,-1.0635488,-1.0732491,0.41009435,1.7027307,-1.0919095,-1.0984616,-1.0997026,-0.8315641,-1.1020684
2,-1.4834538,-1.7361085,-1.7379864,-1.6373497,-1.4241295,-0.5067054,0.2988264,0.5472925,0.74696267,0.84500986,0.84500986,0.84500986,0.22182587,0.074129716,-0.019869864,-0.040111072,0.012517507,0.012517507,0.012517507,0.30747432,-0.18753497,-0.13353428,0.06396362,0.06396362,0.68455595,0.58374816,0.4636382,0.67228913,0.5526333,0.21904367,-0.24123494,-0.3237237,-0.44740465,0.30115807,0.052172683,-0.24203621,3.8500066,1.9495655,-2.3020186,-2.2768474,-0.4168775,-0.4168775,-0.4168775,-0.41714847,-0.3471728,0.09900818,0.40316126,0.5585763,0.6218316,0.6013492
1,-1.0272523,-1.0149382,-1.0172837,-1.0202156,-1.0172837,-1.0143518,-1.0131791,-1.0202156,-1.0993778,-1.0993778,-1.0993778,-0.9938283,-0.9398809,-0.926394,-0.8413681,-0.8284676,-0.8618916,0.6750241,0.8714628,0.7659134,0.7641542,0.7659134,0.8796719,0.99167174,1.0327188,1.0121952,1.0092633,1.0485511,1.0485511,1.0508968,1.1294724,1.1793154,-1.1257652,-1.1374929,1.171106,-1.1421837,-1.0724039,-1.0706446,1.1746247,1.1564466,1.1112951,-1.1304559,-1.1322149,1.1406144,1.074939,0.90899205,0.7799871,0.7459763,0.6949606,0.6568454
1,2.2201974,-1.2859395,-1.1721156,-1.0798016,-1.049329,-1.1264067,-1.1255106,-1.0941417,-1.0941417,-1.095038,-0.6424308,-0.6424308,-0.636157,-0.596722,-0.5859669,-0.547428,-0.52143663,-0.49006787,-0.3726589,-0.36817756,-0.32605365,-0.3242612,-0.32605374,-0.33232754,-0.3502526,-0.3502526,-0.34846005,-0.34846005,-0.34846005,-0.344875,-0.34218615,-0.34218615,-0.34218615,-0.34218615,-0.34128988,-0.3403936,2.0776937,1.8993397,1.5946144,1.5623496,1.8885849,1.6905135,1.4297038,1.3588996,1.3714472,1.081061,1.0720984,0.6732665,0.7342116,0.60156596
2,0.13346419,0.13073447,0.12787221,0.12587039,0.1250085,0.124795206,0.124739535,0.12481204,0.124732904,0.12458159,-0.40308896,-0.402451,-0.40236557,-0.40234825,-0.40234452,-0.40234438,-0.40233758,-0.40229276,-0.40228483,-0.40228724,-0.40230456,-0.40230474,-0.40232658,-0.4023358,-0.4023366,-0.39738643,-0.3964616,-0.39628893,-0.39626256,-0.39626125,0.7844235,4.6098776,4.6098776,-0.44984245,-0.5048372,-0.5578111,-0.50454915,-0.504302,-0.504302,-0.504302,-0.504302,-0.504302,-0.504302,-0.21775231,-0.0898343,0.03478176,0.21887928,0.42757666,0.54095083,0.6173736
2,-1.4692156,-1.5116829,-0.5555612,1.7722174,1.7722174,1.7722174,1.80953,-2.0453222,-2.0458388,-2.0539684,0.24539074,0.238909,0.238909,0.238909,0.20551342,0.20551342,0.18363419,0.16344962,0.15652259,0.15504937,0.16384745,0.17849262,0.17996818,0.17090663,0.16995935,0.17168258,0.17223106,0.17223106,0.17223106,0.17106506,0.17106506,0.18564017,0.22236954,0.23402964,0.29757708,0.3506305,-1.5471499,0.76154727,0.76154727,-1.527612,-1.5007968,-1.4872283,-1.4853886,-1.4807907,0.8279065,0.8279065,0.8279065,0.8279065,0.8279065,0.8279065
2,-1.1237102,-1.0681506,-1.0342374,-1.0290763,1.2785659,1.2785659,1.2785659,1.5180185,1.5180185,1.5174359,1.5174359,1.589097,-0.97130895,-0.9724651,-0.96432924,-0.96045995,-0.3691112,-0.3690427,1.9343631,-1.0379952,1.2412398,1.2412398,-0.14231388,-0.019782858,0.083654076,0.35332465,-1.4453868,-1.282075,-1.208758,-1.180638,-1.1681496,1.1629887,1.1629887,1.3976576,-0.6941945,-0.22158408,0.07555806,0.2032194,0.2712307,0.2355407,-1.627547,0.102598116,-0.067587785,-0.16722661,-0.19691236,-0.28049096,-0.23657995,-0.14220232,-0.11445604,-0.7357049
2,-1.5773122,-0.8331797,0.41471156,0.81038547,0.8104114,0.81041396,0.8104169,0.81043047,0.8104512,0.7801315,-0.36608246,-0.3244031,-0.2746749,-0.15383711,0.11540932,0.3945257,0.62818855,0.7721118,0.70296705,0.6649258,0.5547131,0.5500669,0.54743356,0.5432484,0.49243957,0.44401407,0.43719217,0.3157779,0.3157779,0.16163823,0.20918278,0.25519955,0.16894415,0.101275206,0.101275206,0.101275206,-0.88464445,-1.0215235,-1.0578356,-1.01614,-1.0022923,-1.0014954,-1.0017194,-1.0244765,-1.1119035,-1.2923045,-1.4804488,-1.580282,-1.6201142,4.379736
1,-0.07136854,0.036997955,0.19080544,0.19430116,0.25722432,0.23624994,0.2327542,0.2327542,0.23974566,0.2432414,0.35160553,0.36558846,0.19430116,0.16983104,0.23624758,0.19080308,0.009029758,0.009029758,-0.004953166,-0.008448897,0.019516952,0.18381397,0.1523524,0.16983104,3.8472288,3.3298757,3.3718197,-0.099336736,0.103408635,0.043981202,-0.19372147,-0.19372147,-0.19372147,-0.19372147,-0.19372147,-0.19372147,-0.19372147,-0.19372147,-0.9802369,-0.9802369,-0.9802369,-0.9802369,-0.9802369,-0.9802369,-0.9802369,-0.9802369,-0.9802369,-0.9802369,-0.9802369,-0.9802369
2,0.5187199,0.54205686,0.521731,0.521731,0.521731,0.48409083,0.45322564,0.447203,0.447203,0.447203,0.447203,0.4562367,0.48860732,0.65572965,0.65572965,0.45849442,0.36364084,0.36364084,0.40579823,0.40579823,0.4027869,0.4027869,0.42311326,0.44870892,0.44870892,0.44870892,0.44870892,0.44870892,0.44870892,0.02713783,-0.344748,-0.34324232,-0.30183816,-0.26720908,-0.27172604,-0.27172604,-0.42605105,-2.5487528,-2.5382223,-2.6319788,-2.618859,-2.5776565,-2.5701368,0.40404618,0.58763164,0.58763164,0.58763164,0.58763164,0.67269874,0.9271466
1,-0.36653894,-1.3103806,-1.9662704,-1.5876672,-1.6383253,-1.6143295,-0.64382595,-0.29455107,0.2333604,0.43599302,0.4733194,0.4733194,0.44665685,1.0865494,1.7424397,1.7317746,1.7424397,1.7424397,1.7424397,1.7424397,1.4811503,1.4304924,0.7346088,0.77460206,0.75327206,0.7052795,0.70261323,0.60396326,0.5639701,0.19869804,0.23335905,-0.44386077,-0.7051502,-0.7051502,-0.7051502,-0.7104826,-0.81446564,-0.5105165,-0.21456584,-0.5478429,-0.84912574,-0.84379315,-0.9051161,-0.8597905,-0.7638068,-0.68915266,-0.5265134,-0.24122773,-0.23589535,-0.3478764
2,-0.39567634,-0.3967441,-0.4088839,1.6653504,1.6653504,-0.39436594,-1.0311006,-1.0323955,-1.0326173,-1.0326178,-1.0326178,-1.0326118,-1.032649,-1.0329151,1.0444418,1.0444418,1.0444418,-0.3359862,-0.36293998,1.7413291,1.7413291,1.7413291,1.7413291,1.7413291,-0.6468942,-0.6427947,-0.64392227,-0.64416337,-0.6442137,-0.6442221,-0.6443168,-0.6545103,1.4168683,1.4168683,-0.22442687,-0.2098478,-0.20574535,-0.20515689,-0.3113732,-0.40652397,-0.45884582,-0.5851009,-0.7183413,-0.79509294,-0.80737585,-0.7771031,-0.7490582,1.3294914,1.3294914,1.3294914
2,1.0190399,-1.1104267,-1.1756727,-1.2290345,-1.2401809,1.0056297,1.0056297,1.0056297,1.0056297,1.0056297,1.0056297,1.0056297,1.0056297,1.0056297,1.0056297,1.0056297,1.0056297,1.0056297,1.0056297,1.0056297,1.0056297,1.0056297,0.9392453,0.9534303,0.95286286,-0.7078135,-0.7072461,-2.826298,-0.5815492,-0.5815492,-0.5815492,-2.816992,-0.68891627,-0.5691537,-0.6674838,-0.6674838,-0.6674838,-0.6674838,-0.6674838,-0.6674838,-0.6674838,-0.6674838,-0.6674838,-0.6674838,-0.18860632,0.23636915,0.21877998,0.1546649,0.1546649,0.16487786
2,-0.27631775,-0.27709535,-0.2772189,-0.27724537,-0.2773069,-0.27736872,-0.27738443,-0.27736518,-0.27691358,-0.27707297,-0.2791865,-0.2817939,-0.23679611,-0.21973775,-0.22489601,-0.23609212,-0.2205659,-0.14080042,-0.035590664,0.040435065,0.07336452,0.06893695,-0.63254666,-0.62460595,-0.6340611,-0.6356287,-0.6364595,-0.6369556,-0.63766253,-0.5964344,-0.510198,-0.4934656,-0.4875406,-0.4874729,-0.4813134,-0.47219452,2.8768294,-0.16287722,-0.16636479,-0.16459616,-0.16371123,-0.1464658,-0.1373562,-0.14001621,3.2090077,3.2090077,-0.6923694,-0.68507916,2.6639447,2.6639447
2,-0.37534988,-0.40394092,-0.40525377,-0.40560144,-0.40144178,-0.3813244,-0.62610817,-0.6320702,-0.6331706,-0.63335365,-0.6333595,0.8006295,-2.0022566,-1.8890278,-1.8044133,-1.7825078,-1.7684286,-1.7659456,-1.7655147,-1.8635656,-2.0094075,0.7777365,0.67637426,0.6530328,0.64855385,0.64801705,0.6484363,0.72337073,0.7916861,0.804981,0.79637736,0.8092538,0.77709925,0.8055921,0.80730325,0.80730325,0.7322697,0.7013095,0.742111,0.7463468,0.7344247,0.73419416,0.7341422,0.7341362,0.7341547,0.7017501,0.67569387,0.67361164,0.67491454,0.6778717
2,-1.0116749,1.5229515,1.5229515,1.5229515,1.5229515,-1.7403247,-1.7543973,-1.7706435,-1.7861638,-1.7755437,-1.7620422,-1.758348,-1.7718351,-1.7821889,0.70767635,0.6696507,0.6696507,0.6696507,0.6696507,0.6696507,0.6696507,0.103478625,0.09388673,0.07888831,0.055539683,0.035963986,0.54091823,0.5339541,0.42324814,0.4717406,0.46705452,0.4665477,0.46644434,0.03798719,-0.3045999,-0.27987108,2.2600813,0.11444143,0.08078092,0.03913808,0.026979184,0.045827247,0.67802745,0.68654776,0.2931465,-0.18848795,-0.28949982,-0.31598526,-0.31908384,-0.32580453
2,-1.007028,-1.0239598,-1.0273346,-0.0975202,-0.10215088,-0.13590261,-0.15155725,-0.14483793,-0.107121125,-0.083958305,-0.09346803,-1.2229172,-1.2179462,0.93537104,0.9354498,0.93586147,0.93598545,0.93598545,0.93598545,-0.7814306,-0.57490534,-0.51283103,-0.5019737,-0.5056401,-0.5063391,-0.50647414,-0.50649554,0.8336156,0.8322095,0.8320615,0.8320291,0.83204114,0.8320419,0.8320419,0.8320419,0.8320419,-0.8379291,-0.81714183,-0.83048224,-0.87947494,-1.0043893,-1.0124185,-0.9925152,-0.94993913,-1.0029204,-0.9522266,2.594317,2.594317,2.594317,-0.98404044
2,1.0521231,1.3247906,1.4869171,1.4948131,1.4916549,0.9915887,0.8220928,0.80630124,0.7989318,0.79314154,0.793668,0.793668,0.793668,-1.4368382,-1.3855451,-1.3722786,-1.8008932,0.26326433,0.2579903,0.18926041,0.20692374,0.21063907,0.19858989,0.16995597,0.163165,0.15919526,0.15850537,0.15635633,0.15635633,0.15635633,0.15635633,0.7848605,-0.89827996,-0.88756335,-0.8742702,-1.6579453,-0.8651674,-0.86193645,-0.87184817,-1.6783811,-1.6923691,-1.7083162,-0.87991357,-0.87124413,-0.8725818,-0.87827706,1.2062091,1.2062091,1.2062091,1.1762053
2,-0.14146908,0.22303142,0.30690584,0.2992908,0.25004902,0.17334689,0.08910945,-0.008903168,0.112314366,-0.20741056,3.74788,0.49760377,0.17735498,-0.10916034,-0.19512448,-0.17903109,-0.17775418,-0.23595354,-0.47327015,-0.67548,0.20750009,-0.06380995,-0.3229401,-0.53876054,-0.61084116,-0.6788556,-0.6964598,-0.7205843,-0.8826538,-0.8695526,-0.83887887,-0.89250827,-0.24997921,-0.24168721,-0.21663946,-0.17623861,2.821658,2.821658,2.821658,0.019359564,0.07168981,-0.8956899,-0.89644873,-0.89114493,-0.88825274,-0.881881,-0.8827105,0.263525,0.29562843,0.33028328
2,-1.4133497,-1.4217222,-1.4318035,-0.25874797,-0.2623901,-0.2662103,-0.27386767,-0.23273382,-0.26141834,-0.30084765,-0.34106937,-0.3592497,-0.37118965,-0.41466227,-0.25443473,-0.7728613,-0.78306544,1.8418189,1.8418189,-0.71398836,-0.74841845,-0.8130285,-1.5646371,-1.5698316,1.0501122,0.31527236,0.3058515,2.929478,2.929478,2.929478,-0.10854886,-0.061853442,0.008865884,0.022854434,0.0027920527,-0.027298711,-0.038774658,-0.062801436,-0.06330819,-0.05115443,-0.025250385,-0.048652343,0.14866926,0.39026716,0.6395632,-0.19302125,-0.20518583,-0.2067012,-0.20694987,0.598121
2,-0.039324265,-0.04360078,-0.044249594,-0.037713382,-0.055141747,-0.11054075,-0.14524683,-0.21485353,-0.5240845,-0.910466,-1.2400768,-1.3861848,-1.434521,-1.4672856,-1.4880828,-1.538495,-1.610133,-1.6357315,-0.6106803,-0.5490179,-0.47994062,-1.5690374,-0.3577577,2.5377111,2.3261573,2.3261573,0.3870501,0.3584575,0.34331644,0.3354533,0.35684633,0.35687095,0.33503368,0.3343884,0.383704,0.35603175,0.46581274,-0.11604361,-0.08799552,2.7980773,0.38251948,0.35733354,0.34163153,0.32819483,0.3215396,0.35110438,0.37670642,0.35337985,0.33557662,0.3149332
1,-1.1061901,-1.1061901,-1.1061901,-1.1061901,-1.1061901,-1.1061901,-1.1061901,-1.1061901,-1.1061901,-1.1061901,-1.1061901,-1.1061901,-1.1061901,-1.1061901,-1.1061901,-1.1061901,-1.1061901,-1.1061901,-1.1061901,-1.1061901,-0.8552333,-0.4447539,-0.43891752,-0.0945817,0.04354197,0.04354197,1.0259694,1.0259694,1.0259694,1.0259694,1.0259694,1.0259694,1.0259694,1.0259694,1.0259694,1.0259694,1.0259694,1.0259694,1.0259694,0.98706156,0.98706156,0.98706156,0.98706156,0.98706156,0.98706156,0.98706156,0.98706156,0.98706156,0.98706156,0.98706156
1,0.18146323,0.111540884,-0.31090623,-0.4565777,-0.5381536,-0.5935089,-0.28759983,0.035790533,0.9535191,1.5973856,1.6964421,1.5012426,1.4983292,1.0642291,0.98265326,0.772887,0.58060104,0.58060104,0.47571772,0.47571772,0.47571772,0.47571772,0.47571772,0.47571772,0.47571772,0.47571772,0.47571772,0.47571772,0.47571772,0.47571772,0.47571772,0.47571772,0.47571772,0.47571772,0.47571772,0.47571772,-0.58476835,-0.4565777,0.63887006,0.30965337,-1.7326566,-1.7326566,-1.7355701,-1.715176,-1.715176,-1.715176,-1.715176,-1.715176,-1.715176,-1.715176
2,0.6311116,0.6311116,0.6311116,0.6311116,0.6311116,0.6311116,0.6311116,0.6311116,0.6311116,0.6311116,-0.7574791,-0.7691527,-0.75320125,-0.7144177,-0.7062021,-0.7005419,-0.697701,-0.69598055,-0.69598055,-0.69598055,-0.80009824,-0.8011885,1.0631181,1.0483998,1.0483998,1.0483998,1.0647533,1.099096,1.1159947,1.1159947,1.1159947,1.1159947,-0.91729844,-0.91729844,1.1568786,1.053306,-0.737517,-0.72094697,-0.708953,-0.6963677,-0.65375715,-2.389709,-2.4206848,-2.439331,-0.29236254,-0.29236254,-0.3746755,1.0121067,1.0431784,1.1216756
2,0.08325551,0.083318464,0.083318464,0.083318464,0.083318464,0.25568843,0.3122331,0.86491144,0.86491144,0.86491144,0.86491144,0.86491144,0.86491144,0.86491144,0.86491144,1.2990284,0.63247216,0.6259312,-2.0811272,-2.068697,-0.82879436,0.47586963,-2.0743213,0.585503,-2.082479,-1.7718093,-1.5723871,-1.6052021,-1.6052021,-1.6402959,-1.8059657,1.7751956,0.40952936,0.41250557,0.4130803,0.43379372,0.43863237,0.53421336,0.58320004,0.4671479,0.4681082,0.46829963,0.46832442,0.4503303,0.37002552,0.35436592,0.095747344,-0.08818738,-0.19303334,-0.23772994
2,0.67096406,0.6620563,0.6608686,0.6608686,0.6608686,0.6608686,0.6608686,0.6608686,0.67274535,0.70065594,0.70065594,0.70065594,0.681653,0.46015078,0.46015078,0.27665433,0.27487278,0.3562289,0.37582558,0.48152918,0.37463808,0.33722612,0.33544466,0.32831857,0.15907422,0.005863622,0.25408846,0.29387593,0.9174075,1.0735875,1.1543499,0.76419765,0.76241606,0.79210776,0.79210776,0.7873569,0.7748859,-2.0101388,-1.9721776,-1.9104878,-1.8411282,-1.7626126,-1.6720897,-1.6121635,-1.5647793,-1.5099753,-1.4609567,-1.4021456,-1.3114076,-1.178217
2,-0.42248467,-0.42248467,-0.42248467,-0.42248467,-0.5017892,1.3603975,1.3603975,1.3603975,1.3609849,1.3615724,1.4226661,1.4391146,1.4479264,1.4496888,-0.7884601,-0.7884601,1.4866973,1.4866973,1.4866973,1.4872848,-0.6791965,-0.6791965,-0.6392506,-0.5258745,-0.51941264,-0.2591765,-0.2580016,-0.2580016,-0.28149918,-0.28149918,-0.29089826,-0.28678617,-0.27092522,-0.26270106,-0.25623927,-0.23450392,-0.2127686,-0.2127686,-0.2127686,-2.146995,-2.1256151,-0.23376152,-0.23376152,-0.23376152,-0.5744772,1.3822874,-0.5163206,-0.39354548,-0.32951444,-2.55601
2,-0.21351795,-0.2203876,-0.22708935,-0.22708935,-0.22708935,-0.22708935,-0.19784938,-0.4331347,-0.4318281,-0.4318281,-0.42986816,-0.16789094,-0.13195889,0.44491372,0.7271436,0.9342428,0.9342428,1.4915347,1.4915347,1.4915347,1.4915347,-0.6130754,1.9695259,1.9695259,1.9695259,1.9695259,2.0348573,-0.35756364,-0.35756364,-0.35756364,-1.1654648,-0.2573963,-1.1869253,-1.2558113,-0.12258797,-0.11654223,-0.11355808,-1.1164838,-1.1221331,-1.1313977,1.4557092,-1.1231549,-1.1006238,-1.0872943,-1.0679135,-0.92762786,-0.6600866,-0.46751964,-0.4570316,-0.4557192
1,-0.21796447,-0.21796447,-0.21796447,-0.2105316,-0.32285115,-0.3278063,-0.30385578,-0.3236769,-0.42525998,-0.540883,-0.773781,-0.77543277,-0.733313,-0.7589153,-1.6525167,-1.6351733,-1.6269145,-1.6112227,-1.6112227,-1.622785,-1.6335214,-1.6739895,-1.7615328,1.4907798,1.4866502,1.481695,1.4164511,1.3247784,1.3214749,1.3388186,1.4073664,1.0448052,0.71445364,0.5401932,0.5401932,0.2734344,0.13220875,0.1429451,0.12642756,0.2131449,0.49724743,0.49724743,0.62525845,0.650035,0.6558161,0.70702106,0.6987623,0.6269108,0.6236072,0.6260849
2,-1.0343479,-1.032669,-1.0277755,1.5427641,-1.0035442,-0.96758157,-0.9539046,-0.95142657,-0.9509702,1.6175091,1.6175091,1.6175091,-1.3699627,-1.3564819,-1.3458413,-0.32565638,2.280437,2.280437,2.280437,0.3819421,0.37175614,0.37009236,0.36982223,0.36978716,0.36978245,0.36588016,0.338319,0.32501942,0.3789344,0.39302516,0.3617445,0.35990584,0.34261653,0.34261653,0.32899615,0.14536506,-1.3578502,-1.3394773,-1.5727856,0.046174556,0.054137185,0.05566138,0.056317557,0.05544009,-0.26047778,-0.6990992,-0.970441,-0.96743,0.08321075,0.08020446
2,0.11240141,0.12540348,0.10679041,0.10029252,0.1067405,0.10285195,0.10059083,-1.0337217,-1.0361167,-1.012125,-0.9700788,-1.9114552,0.07651838,0.07651838,0.07655891,0.08076791,-1.102883,-1.0981303,-0.88171315,1.8159571,1.8159571,1.8159571,1.8159571,1.8159571,1.8159571,1.8159571,1.8159571,-0.27555463,-0.2625713,-0.25231606,-0.24622102,-0.24266598,-0.24258196,-0.24250445,-2.1683798,0.5393846,0.5393846,0.5393846,-2.4533947,0.0801289,0.062227435,0.062227435,0.061546188,-0.24260846,-0.2701551,-0.30611655,-0.32103708,-0.30561793,-0.19406316,-0.18837994
2,-1.241146,-1.1781512,-1.1211809,-1.074814,1.4450964,1.4450964,-1.1562352,-1.233823,-1.3220499,-1.4283834,-1.5337174,0.8772524,0.7881231,0.69520825,0.60525286,0.5250821,0.4303444,0.41426778,0.4152692,0.41696772,0.41716033,0.4171836,0.41718584,0.43834355,0.47679812,-1.4242342,-1.4335499,0.50685006,0.50922203,-1.4750837,-1.4768734,-1.4752061,-1.4729437,-1.4666576,-1.4597245,0.5556005,0.5609304,0.5722468,0.57291436,0.57291436,0.57291436,1.0128217,1.4562497,0.91920257,0.9078059,0.8444986,0.8061364,0.7354698,0.7281731,0.74417716
1,-0.86319506,-0.86319506,-0.69102246,0.036195796,0.061479848,0.3600731,0.3191368,0.31070873,0.33117703,0.33117703,0.33478904,0.34321713,0.2769968,0.2769968,0.26014072,0.3311769,0.30228075,0.21438839,-0.07938849,-0.11912063,-0.12754871,-0.119120724,0.0048918454,-0.10106052,-0.1034685,-0.1155086,-0.1419968,3.616904,3.4435277,3.6120892,-1.028143,-0.9390467,-0.94145465,-0.93784267,-0.9739628,-1.002859,-1.002859,-0.90774256,-0.6175776,-0.55496943,-0.20340025,-0.23590834,-0.23350036,-0.23350036,-0.23350036,-0.13477205,-0.12995598,-0.26841643,-0.27564043,-0.26841637
2,0.68830824,0.97034234,1.1263205,-0.27343437,-0.27418283,-0.27541712,-0.27588686,-0.2759582,-0.2759582,-0.27595878,-0.3419477,-0.68952346,-1.0323914,-1.1058782,-1.1307362,-1.1199374,-1.106285,-1.1026288,-1.1020337,-1.0566489,0.015309078,0.21094526,0.6945769,0.47991243,0.42917368,0.36512932,0.3280581,0.27598086,0.2077012,0.11139977,3.073422,-0.13864528,-0.107742175,-0.091601595,-0.08427665,-0.08394036,-0.08385612,2.8980055,-0.532292,-0.53321326,-0.5496742,-0.5495218,-0.54269886,-0.8628771,-0.90043813,2.0720823,2.0720823,-1.7510488,1.1644089,1.1632837
2,-0.5769554,-0.5815179,1.3192204,1.3192204,1.3192204,1.3192204,1.3192204,1.3192204,1.3192204,1.2453283,1.1882297,1.0697144,1.0697144,0.6076487,-0.49265394,-0.5386282,-0.6030805,-0.6845059,1.1370625,1.1346635,1.1341835,1.1341835,0.63901037,0.61405975,0.5958266,0.576154,0.5689567,0.5689567,-1.5875024,-1.5890951,-1.5893682,-1.5894101,-1.0676386,-1.0641735,-1.0634445,-1.0651052,-1.0914236,-1.0992599,-0.10812768,-0.10997235,-0.10868566,-0.1070436,-0.10572507,-0.10494021,-0.98698837,-1.0500289,-1.1005554,-1.1138141,-1.1161219,-0.10044715
